#Vazao01	Vazao02	Vazao03	Vazao04	Vazao05	Vazao06	Vazao07	Vazao08	Vazao09	Vazao10	Vazao11	Vazao12	Vazao13	Vazao14	Vazao15	Vazao16	Vazao17	Vazao18	Vazao19	Vazao20	Vazao21	Vazao22	Vazao23	Vazao24	Vazao25	Vazao26	Vazao27	Vazao28	Vazao29	Vazao30	Vazao31	#dias	mes	Ano
68.505	62.742	60.841	62.742	70.445	7.83	72.395	64.653	60.841	58.951	92.384	152.313	14.565	128.149	134.665	141.238	119.551	102.686	12.599	163.532	207.376	245.635	195.661	161.277	139.041	108.957	96.481	94.429	92.384	88.318	90.347	31	12	2023
58.951	55.203	49.665	47.842	53.346	96.481	143.441	172.607	159.027	150.086	152.313	128.149	102.686	76.323	62.742	62.742	64.653	66.574	66.574	66.574	72.395	76.323	98.542	104.769	94.429	80.287	80.287	90.347	72.395	7.83	0	31	11	2023
82.282	7.83	66.574	60.841	53.346	84.286	106.859	117.419	113.174	102.686	96.481	86.298	76.323	60.841	68.505	90.347	94.429	102.686	111.062	90.347	70.445	60.841	57.072	55.203	62.742	72.395	72.395	58.951	53.346	55.203	58.951	31	10	2023
96.481	113.174	117.419	98.542	92.384	80.287	70.445	80.287	96.481	88.318	80.287	68.505	60.841	57.072	53.346	51.499	49.665	49.665	47.842	44.234	42.449	40.677	40.677	38.919	38.919	40.677	47.842	98.542	84.286	84.286	0	31	9	2023
57.072	55.203	55.203	53.346	53.346	55.203	55.203	53.346	55.203	53.346	51.499	49.665	49.665	47.842	46.032	44.234	42.449	42.449	40.677	38.919	38.919	38.919	40.677	44.234	53.346	66.574	76.323	7.83	80.287	88.318	92.384	31	8	2023
111.062	108.957	106.859	104.769	102.686	10.061	96.481	94.429	92.384	94.429	96.481	96.481	94.429	92.384	88.318	88.318	86.298	80.287	7.83	76.323	72.395	72.395	70.445	68.505	66.574	64.653	62.742	62.742	60.841	60.841	58.951	31	7	2023
240.791	231.154	219.208	216.832	214.461	212.094	207.376	202.675	200.333	19.101	188.692	18.407	174.889	168.059	165.793	163.532	161.277	161.277	161.277	159.027	152.313	147.865	139.041	139.041	134.665	130.315	128.149	123.837	117.419	113.174	0	31	6	2023
517.163	595.665	661.562	799.824	749.282	684.764	621.305	573.037	531.036	489.615	459.626	44.072	435.344	459.626	598.505	558.974	519.932	556.169	57.868	542.181	481.403	43.266	390.133	363.958	338.113	32.277	297.486	282.494	267.642	260.269	250.497	31	5	2023
681.856	664.454	641.378	57.868	592.828	699.336	872.146	814.799	790.863	743.374	708.106	67.895	638.503	618.447	658.672	652.898	670.246	641.378	587.162	592.828	558.974	495.103	451.506	514.396	43.803	387.501	43.803	443.412	473.216	478.671	459.626	31	1	2023
589.994	693.501	690.586	749.282	832.834	755.198	676.047	592.828	522.704	470.492	416.622	384.872	382.247	403.339	369.167	340.682	325.319	307.556	32.277	345.831	358.762	392.768	390.133	369.167	340.682	392.768	470.492	647.133	808.803	784.898	746.327	31	12	2022
49.665	80.287	123.837	143.441	181.767	307.556	424.628	419.287	305.033	250.497	221.588	197.995	195.661	18.407	163.532	168.059	179.469	188.692	165.793	174.889	161.277	141.238	147.865	197.995	245.635	243.211	255.375	299.998	43.266	536.603	0	31	11	2022
22.185	20.609	20.609	19.055	20.609	20.609	20.609	19.055	19.055	2.378	30.346	40.677	40.677	38.919	3.373	3.203	30.346	22.185	35.445	35.445	3.373	3.203	30.346	3.203	3.373	46.032	7.83	86.298	70.445	62.742	53.346	31	10	2022
19.055	19.055	17.523	17.523	17.523	16.014	16.014	16.014	1.453	13.072	1.453	1.453	17.523	17.523	17.523	19.055	19.055	17.523	19.055	17.523	17.523	16.014	16.014	22.185	2.378	27.028	27.028	25.395	25.395	25.395	0	31	9	2022
42.449	44.234	44.234	42.449	42.449	40.677	38.919	37.175	35.445	3.373	3.373	3.203	3.373	3.373	3.203	3.203	30.346	28.678	28.678	27.028	27.028	25.395	25.395	2.378	22.185	22.185	22.185	22.185	20.609	20.609	20.609	31	8	2022
96.481	96.481	92.384	88.318	86.298	84.286	80.287	76.323	74.354	72.395	68.505	66.574	64.653	62.742	60.841	60.841	57.072	55.203	53.346	53.346	51.499	49.665	49.665	47.842	47.842	46.032	44.234	42.449	42.449	42.449	40.677	31	7	2022
948.626	860.016	775.967	728.642	670.246	644.254	621.305	592.828	575.857	556.169	519.932	489.615	465.054	448.805	43.266	448.805	465.054	481.403	492.358	506.112	522.704	536.603	553.366	553.366	533.818	492.358	475.942	456.917	44.072	0	0	31	4	2022
131.607	122.383	133.472	150.556	160.269	166.172	178.137	188.269	184.199	160.269	156.365	166.172	194.416	24.098	269.654	274.138	29.226	442.931	592.774	70.714	686.875	720.801	630.937	528.641	479.214	445.675	404.367	343.577	301.431	278.641	256.318	31	12	2014
146.714	137.223	124.214	133.472	129.749	106.224	104.465	10.799	116.932	133.472	148.632	137.223	122.383	113.333	111.545	126.052	170.136	319.988	299.132	260.744	230.175	225.889	170.136	154.423	144.803	152.486	176.128	168.151	158.314	148.632	0	31	11	2014
87.303	94.073	135.344	124.214	129.749	122.383	95.786	72.561	75.776	75.776	70.967	69.382	67.806	66.239	64.682	64.682	61.597	61.597	61.597	63.134	70.967	79.027	87.303	104.465	115.129	10.799	10.799	111.545	118.742	129.749	142.898	31	10	2014
70.967	77.397	75.776	70.967	66.239	67.806	94.073	120.559	104.465	94.073	83.967	75.776	70.967	67.806	64.682	61.597	61.597	74.164	14.1	160.269	150.556	115.129	97.506	99.234	102.714	97.506	92.369	87.303	85.631	94.073	0	31	9	2014
85.631	83.967	83.967	85.631	87.303	87.303	87.303	87.303	87.303	83.967	80.665	77.397	77.397	74.164	70.967	67.806	67.806	66.239	64.682	64.682	63.134	61.597	61.597	63.134	63.134	63.134	61.597	61.597	63.134	63.134	67.806	31	8	2014
154.423	156.365	156.365	152.486	150.556	152.486	148.632	142.898	133.472	129.749	127.897	126.052	122.383	118.742	115.129	115.129	113.333	109.764	10.799	10.799	106.224	104.465	104.465	102.714	99.234	97.506	95.786	94.073	90.672	88.984	87.303	31	7	2014
322.328	306.044	29.226	283.162	271.894	26.519	254.112	247.524	238.809	230.175	221.623	217.379	211.051	204.772	200.613	200.613	194.416	188.269	188.269	182.172	180.152	176.128	172.128	172.128	168.151	164.198	160.269	156.365	156.365	156.365	0	31	6	2014
734.582	637.404	558.759	505.103	470.724	440.195	406.851	387.092	367.589	355.531	362.753	409.338	68.018	673.516	637.404	525.672	48.206	549.643	571.021	558.759	51.681	470.724	459.514	48.206	510.941	499.296	445.675	406.851	382.192	362.753	338.825	31	5	2014
602.212	571.021	52.271	462.305	431.898	409.338	367.589	329.372	312.996	303.735	322.328	437.466	41.183	416.824	419.327	41.183	409.338	39.694	379.748	382.192	499.296	546.619	583.405	608.542	653.705	690.234	68.018	653.705	614.902	637.404	608.542	31	1	2014
198.542	192.361	170.136	172.128	208.953	225.889	198.542	186.231	172.128	188.269	260.744	289.979	343.577	401.888	338.825	377.308	406.851	329.372	310.674	29.226	260.744	280.899	296.837	269.654	243.156	225.889	221.623	269.654	322.328	324.672	0	31	11	2013
64.682	61.597	5.855	5.855	55.544	55.544	66.239	92.369	129.749	118.742	85.631	74.164	70.967	66.239	61.597	5.855	66.239	64.682	75.776	83.967	115.129	137.223	133.472	122.383	118.742	109.764	106.224	106.224	10.799	10.799	156.365	31	10	2013
72.561	74.164	70.967	70.967	70.967	77.397	94.073	10.097	10.097	99.234	90.672	83.967	77.397	70.967	67.806	64.682	64.682	64.682	64.682	66.239	69.382	74.164	74.164	70.967	67.806	64.682	64.682	63.134	64.682	64.682	0	31	9	2013
127.897	118.742	115.129	10.799	104.465	104.465	10.097	97.506	97.506	94.073	94.073	90.672	94.073	10.097	102.714	10.097	97.506	94.073	92.369	87.303	83.967	80.665	80.665	80.665	77.397	74.164	74.164	70.967	70.967	70.967	70.967	31	8	2013
204.772	217.379	221.623	217.379	211.051	194.416	184.199	174.125	170.136	168.151	164.198	160.269	156.365	152.486	148.632	148.632	144.803	14.1	139.108	137.223	133.472	129.749	129.749	126.052	126.052	127.897	133.472	14.1	144.803	148.632	137.223	31	7	2013
370.012	360.342	348.346	362.753	37.244	426.858	459.514	451.187	431.898	392.008	348.346	324.672	303.735	287.702	278.641	283.162	306.044	382.192	353.132	317.653	296.837	278.641	260.744	247.524	234.482	225.889	221.623	213.155	208.953	204.772	0	31	6	2013
247.524	262.964	274.138	278.641	26.519	256.318	234.482	234.482	228.029	230.175	238.809	310.674	437.466	700.355	577.198	580.298	614.902	801.683	780.201	713.955	720.801	727.676	670.195	660.278	686.875	812.525	673.516	558.759	561.813	608.542	614.902	31	1	2013
33.409	33.409	341.199	37.244	355.531	310.674	319.988	406.851	379.748	406.851	377.308	350.737	348.346	406.851	387.092	367.589	362.753	348.346	319.988	271.894	247.524	223.753	208.953	192.361	180.152	180.152	168.151	158.314	168.151	217.379	234.482	31	12	2012
90.672	70.967	70.967	75.776	74.164	66.239	64.682	64.682	67.806	104.465	20.686	184.199	168.151	180.152	213.155	26.519	254.112	24.098	230.175	217.379	221.623	238.809	258.528	234.482	225.889	221.623	260.744	301.431	343.577	382.192	0	31	11	2012
49.655	49.655	43.941	41.152	45.352	67.806	66.239	64.682	64.682	61.597	54.056	49.655	52.578	5.855	79.027	79.027	77.397	10.799	133.472	104.465	90.672	87.303	80.665	74.164	64.682	61.597	64.682	82.312	95.786	90.672	90.672	31	10	2012
3.841	39.775	39.775	3.841	35.718	35.718	35.718	35.718	35.718	35.718	35.718	34.391	33.077	33.077	33.077	33.077	31.776	31.776	30.489	30.489	31.776	3.841	46.776	52.578	57.042	57.042	49.655	41.152	43.941	45.352	0	31	9	2012
60.068	5.855	55.544	55.544	54.056	52.578	52.578	52.578	51.112	49.655	49.655	4.821	46.776	46.776	45.352	43.941	43.941	4.254	41.152	39.775	3.841	3.841	3.841	35.718	35.718	35.718	35.718	35.718	35.718	35.718	3.841	31	8	2012
115.129	10.799	104.465	104.465	10.097	97.506	95.786	92.369	90.672	87.303	87.303	85.631	83.967	83.967	87.303	88.984	87.303	83.967	80.665	77.397	77.397	80.665	80.665	79.027	77.397	74.164	70.967	67.806	64.682	63.134	61.597	31	7	2012
20.686	211.051	20.269	190.312	186.231	180.152	170.136	164.198	158.314	156.365	152.486	148.632	144.803	14.1	139.108	137.223	129.749	127.897	126.052	127.897	133.472	142.898	146.714	148.632	154.423	166.172	164.198	154.423	144.803	129.749	0	31	6	2012
329.372	331.729	357.934	377.308	338.825	319.988	299.132	283.162	26.519	251.911	243.156	232.326	221.623	232.326	26.742	234.482	225.889	247.524	26.742	287.702	317.653	317.653	274.138	256.318	251.911	243.156	238.809	260.744	247.524	217.379	20.686	31	5	2012
558.759	540.596	52.271	499.296	476.376	45.673	437.466	421.833	401.888	399.412	437.466	484.913	505.103	528.641	508.018	493.519	484.913	499.296	48.206	499.296	451.187	41.183	392.008	37.244	37.244	367.589	348.346	33.409	324.672	329.372	0	31	4	2012
703.744	614.902	558.759	490.643	453.955	451.187	448.427	465.103	543.604	493.519	45.673	442.931	424.344	39.694	389.548	377.308	37.244	429.376	462.305	51.681	48.206	459.514	52.271	51.681	476.376	476.376	459.514	424.344	424.344	555.712	459.514	31	3	2012
537.596	564.874	567.944	65.043	643.902	574.105	493.519	437.466	409.338	379.748	382.192	387.092	382.192	37.244	365.169	387.092	487.774	670.195	741.518	783.763	758.989	727.676	673.516	640.649	614.902	630.937	676.844	731.125	755.479	0	0	31	2	2012
401.888	421.833	470.724	505.103	496.403	48.206	465.103	442.931	38.464	360.342	392.008	442.931	465.103	39.694	377.308	453.955	470.724	479.214	513.872	479.214	442.931	442.931	51.681	561.813	583.405	602.212	602.212	580.298	502.195	487.774	48.206	31	1	2012
608.542	528.641	46.791	440.195	437.466	431.898	401.888	367.589	343.577	306.044	278.641	269.654	283.162	306.044	315.323	45.673	479.214	558.759	589.644	528.641	448.427	437.466	431.898	426.858	429.376	431.898	426.858	437.466	431.898	394.472	39.694	31	12	2011
160.269	156.365	152.486	230.175	338.825	319.988	29.226	225.889	204.772	254.112	331.729	382.192	382.192	362.753	382.192	382.192	37.244	315.323	303.735	399.412	48.206	476.376	508.018	502.195	493.519	493.519	552.674	640.649	660.278	666.882	0	31	11	2011
60.068	67.806	97.506	144.803	139.108	137.223	118.742	97.506	83.967	70.967	64.682	61.597	60.068	70.967	85.631	14.1	14.1	200.613	184.199	196.476	367.589	426.858	519.757	394.472	274.138	310.674	24.098	223.753	208.953	184.199	170.136	31	10	2011
4.254	43.941	41.152	41.152	41.152	39.775	3.841	3.841	37.058	35.718	35.718	3.841	3.841	37.058	37.058	35.718	33.077	33.077	33.077	31.776	30.489	30.489	29.215	27.956	27.956	27.956	27.956	27.956	29.215	31.776	0	31	9	2011
67.806	70.967	77.397	80.665	80.665	83.967	83.967	79.027	72.561	67.806	66.239	64.682	63.134	61.597	5.855	5.855	55.544	55.544	52.578	51.112	49.655	49.655	46.776	46.776	46.776	46.776	45.352	43.941	43.941	4.254	4.254	31	8	2011
137.223	127.897	126.052	122.383	118.742	115.129	115.129	111.545	111.545	115.129	113.333	111.545	10.799	104.465	10.097	97.506	97.506	94.073	92.369	90.672	87.303	83.967	80.665	80.665	79.027	80.665	79.027	74.164	70.967	70.967	69.382	31	7	2011
285.429	276.387	269.654	254.112	247.524	238.809	230.175	221.623	213.155	208.953	204.772	200.613	192.361	188.269	182.172	176.128	170.136	168.151	162.231	160.269	158.314	156.365	156.365	154.423	152.486	150.556	148.632	144.803	144.803	14.1	0	31	6	2011
720.801	666.882	605.373	602.212	614.902	637.404	653.705	727.676	758.989	776.647	640.649	555.712	531.618	589.644	608.542	595.912	595.912	592.774	558.759	621.293	637.404	621.293	602.212	543.604	499.296	431.898	401.888	357.934	329.372	310.674	294.546	31	5	2011
734.582	640.649	621.293	589.644	640.649	713.955	713.955	68.018	696.973	666.882	720.801	769.561	734.582	878.983	823.434	794.492	748.484	676.844	65.043	627.715	618.094	555.712	52.271	513.872	525.672	51.681	487.774	453.955	442.931	445.675	487.774	31	3	2011
144.803	158.314	24.098	353.132	370.012	528.641	45.673	357.934	343.577	437.466	589.644	700.355	586.521	476.376	470.724	510.941	476.376	41.183	367.589	324.672	301.431	315.323	331.729	37.244	350.737	362.753	431.898	429.376	431.898	41.183	37.244	31	1	2011
97.506	87.303	83.967	80.665	72.561	67.806	64.682	67.806	94.073	217.379	317.653	434.746	409.338	453.955	564.874	595.912	493.519	387.092	324.672	26.742	234.482	208.953	188.269	182.172	168.151	152.486	144.803	144.803	14.1	14.1	144.803	31	12	2010
64.682	63.134	60.068	5.855	55.544	5.855	64.682	67.806	64.682	67.806	70.967	67.806	70.967	77.397	90.672	94.073	99.234	115.129	10.097	94.073	88.984	83.967	80.665	10.097	104.465	109.764	106.224	104.465	97.506	10.097	0	31	11	2010
33.077	33.077	35.718	35.718	35.718	35.718	37.058	35.718	34.391	35.718	39.775	43.941	46.776	49.655	49.655	46.776	45.352	41.152	49.655	5.855	77.397	90.672	14.1	111.545	88.984	94.073	85.631	75.776	70.967	67.806	66.239	31	10	2010
41.152	39.775	3.841	37.058	3.841	37.058	37.058	35.718	35.718	35.718	35.718	35.718	33.077	33.077	33.077	33.077	33.077	34.391	33.077	34.391	33.077	31.776	30.489	31.776	33.077	30.489	30.489	30.489	30.489	30.489	0	31	9	2010
61.597	5.855	57.042	57.042	55.544	55.544	54.056	52.578	52.578	52.578	51.112	49.655	49.655	4.821	4.821	4.821	4.821	4.821	49.655	51.112	49.655	4.821	46.776	45.352	43.941	43.941	43.941	4.254	43.941	43.941	43.941	31	8	2010
109.764	10.799	104.465	10.097	10.097	99.234	97.506	97.506	94.073	92.369	90.672	88.984	90.672	87.303	85.631	82.312	80.665	80.665	79.027	77.397	75.776	74.164	70.967	70.967	67.806	64.682	66.239	64.682	61.597	61.597	60.068	31	7	2010
20.686	20.686	204.772	228.029	230.175	211.051	20.269	196.476	188.269	196.476	200.613	190.312	180.152	170.136	164.198	160.269	154.423	150.556	152.486	148.632	14.1	137.223	133.472	129.749	124.214	120.559	118.742	118.742	115.129	111.545	0	31	6	2010
39.694	401.888	392.008	37.244	357.934	348.346	338.825	34.596	353.132	33.409	315.323	303.735	29.226	283.162	276.387	26.742	256.318	247.524	243.156	234.482	228.029	228.029	258.528	283.162	283.162	283.162	271.894	260.744	243.156	228.029	215.264	31	5	2010
656.988	663.576	586.521	51.681	465.103	510.941	627.715	787.332	878.983	748.484	724.235	720.801	663.576	608.542	558.759	528.641	487.774	448.427	431.898	431.898	445.675	473.546	513.872	546.619	567.944	640.649	630.937	583.405	52.271	487.774	499.296	31	3	2010
552.674	459.514	401.888	367.589	338.825	350.737	611.718	81.979	812.525	751.978	947.843	871.479	741.518	630.937	589.644	534.603	589.644	52.271	499.296	48.206	465.103	45.673	459.514	476.376	564.874	583.405	614.902	634.167	0	0	0	31	2	2010
137.223	166.172	186.231	204.772	217.379	236.643	256.318	278.641	322.328	319.988	306.044	285.429	26.519	256.318	269.654	294.546	310.674	287.702	26.742	234.482	234.482	225.889	285.429	303.735	367.589	29.226	283.162	301.431	387.092	558.759	849.148	31	12	2009
190.312	180.152	170.136	160.269	133.472	122.383	118.742	109.764	10.097	97.506	97.506	104.465	10.799	133.472	208.953	230.175	217.379	204.772	156.365	174.125	184.199	184.199	168.151	152.486	133.472	124.214	118.742	116.932	109.764	118.742	0	31	11	2009
74.164	70.967	70.967	70.967	67.806	64.682	67.806	64.682	67.806	72.561	74.164	97.506	97.506	104.465	97.506	97.506	122.383	115.129	106.224	109.764	99.234	90.672	77.397	74.164	80.665	92.369	144.803	120.559	115.129	133.472	198.542	31	10	2009
87.303	79.027	74.164	97.506	90.672	79.027	74.164	67.806	61.597	63.134	67.806	74.164	77.397	80.665	77.397	72.561	70.967	70.967	74.164	75.776	74.164	74.164	72.561	74.164	77.397	83.967	87.303	87.303	83.967	79.027	0	31	9	2009
10.097	97.506	94.073	92.369	90.672	87.303	85.631	83.967	80.665	80.665	79.027	77.397	77.397	74.164	70.967	70.967	67.806	67.806	66.239	66.239	64.682	67.806	77.397	83.967	97.506	92.369	87.303	83.967	92.369	95.786	94.073	31	8	2009
194.416	188.269	184.199	180.152	176.128	170.136	164.198	160.269	156.365	152.486	148.632	146.714	144.803	14.1	14.1	137.223	129.749	126.052	122.383	122.383	118.742	116.932	115.129	118.742	122.383	122.383	118.742	116.932	115.129	10.799	104.465	31	7	2009
70.714	849.148	783.763	700.355	653.705	580.298	493.519	448.427	404.367	377.308	357.934	338.825	319.988	310.674	299.132	287.702	283.162	274.138	26.519	258.528	247.524	243.156	234.482	228.029	221.623	215.264	208.953	204.772	20.269	200.613	0	31	6	2009
416.824	38.464	401.888	379.748	37.244	37.244	37.244	367.589	37.244	357.934	379.748	362.753	357.934	379.748	401.888	552.674	552.674	614.902	68.018	630.937	663.576	713.955	656.988	827.085	894.078	886.515	841.764	741.518	0	0	0	31	2	2009
310.674	287.702	296.837	296.837	29.226	283.162	260.744	269.654	245.338	211.051	204.772	198.542	184.199	176.128	172.128	192.361	26.519	278.641	294.546	276.387	278.641	32.702	296.837	285.429	301.431	324.672	392.008	519.757	534.603	442.931	448.427	31	1	2009
484.913	52.271	528.641	531.618	673.516	640.649	602.212	564.874	476.376	389.548	343.577	299.132	274.138	26.519	26.742	29.226	296.837	296.837	301.431	362.753	387.092	41.183	389.548	404.367	416.824	431.898	421.833	41.183	39.694	362.753	329.372	31	12	2008
83.967	82.312	80.665	79.027	77.397	95.786	10.799	137.223	156.365	178.137	174.125	137.223	131.607	137.223	156.365	14.1	129.749	14.1	137.223	133.472	208.953	194.416	20.269	170.136	176.128	225.889	24.098	362.753	362.753	470.724	0	31	11	2008
10.097	115.129	126.052	122.383	120.559	10.097	85.631	83.967	74.164	67.806	64.682	64.682	61.597	55.544	52.578	49.655	46.776	46.776	70.967	113.333	118.742	122.383	122.383	115.129	111.545	104.465	97.506	87.303	80.665	80.665	83.967	31	10	2008
5.756	8.473	83.967	77.397	67.806	5.855	55.544	52.578	49.655	4.821	46.776	43.941	43.941	41.152	41.152	39.775	39.775	3.841	3.841	3.841	41.152	41.152	41.152	39.775	45.352	55.544	61.597	67.806	77.397	87.303	0	31	9	2008
7.322	71.611	70.012	68.422	66.841	66.841	66.841	63.708	63.708	63.708	63.708	60.614	60.614	59.082	5.756	56.048	54.547	54.547	53.056	51.576	51.576	50.106	50.106	51.576	51.576	51.576	51.576	48.648	48.648	48.648	48.648	31	8	2008
125.343	121.654	117.994	117.994	114.363	110.761	110.761	107.189	107.189	103.647	101.888	100.136	96.656	96.656	93.208	93.208	91.496	93.208	93.208	89.792	86.409	86.409	8.306	8.306	79.745	79.745	7.81	76.465	76.465	7.322	7.322	31	7	2008
301.849	294.915	283.451	269.849	25.42	24.317	232.266	223.637	21.722	208.739	204.531	200.345	192.041	187.923	183.827	177.728	173.691	171.682	169.679	16.569	159.753	155.826	151.924	148.047	146.119	142.281	136.574	132.803	129.059	127.197	0	31	6	2008
546.019	543.322	54.063	548.718	602.212	595.912	686.875	720.801	734.582	727.676	864.006	920.779	867.739	727.676	65.043	571.021	511.236	474.445	443.479	420.611	393.087	368.487	349.103	339.512	344.299	339.512	344.299	353.924	353.924	344.299	325.256	31	5	2008
366.049	805.289	776.647	717.374	755.479	577.198	564.988	559.551	548.718	511.236	425.666	358.761	337.126	320.539	464.064	398.056	320.539	361.186	413.057	443.479	433.277	398.056	398.056	383.198	353.924	337.126	292.613	269.849	358.761	0	0	31	2	2008
88.097	89.792	100.136	108.971	100.136	89.792	8.306	8.306	8.306	130.927	196.182	181.789	167.681	151.924	144.197	134.685	125.343	125.343	161.726	221.492	227.941	196.182	21.722	225.786	230.101	196.182	187.923	221.492	198.261	175.707	274.364	31	1	2008
142.281	136.574	114.363	103.647	93.208	8.306	7.81	74.838	93.208	148.047	132.803	108.971	93.208	81.398	7.322	70.012	6.527	63.708	7.322	114.363	112.558	125.343	103.647	123.495	121.654	121.654	114.363	103.647	96.656	94.928	91.496	31	12	2007
76.465	86.409	7.81	71.611	66.841	63.708	62.156	6.527	6.527	63.708	70.012	66.841	63.708	63.708	59.082	56.048	53.056	50.106	48.648	63.708	66.841	6.527	60.614	5.756	63.708	7.81	101.888	112.558	148.047	151.924	0	31	11	2007
40.136	40.136	40.136	40.136	60.614	63.708	66.841	66.841	63.708	60.614	5.756	54.547	5.756	71.611	7.322	7.322	76.465	76.465	68.422	60.614	5.756	59.082	110.761	112.558	117.994	121.654	103.647	8.473	79.745	70.012	7.322	31	10	2007
47.201	45.764	42.927	41.526	40.136	40.136	40.136	38.759	38.759	40.136	40.136	38.759	37.395	37.395	37.395	37.395	37.395	38.759	40.136	40.136	40.136	40.136	42.927	42.927	42.927	45.764	45.764	45.764	42.927	41.526	0	31	9	2007
7.322	71.611	66.841	6.527	63.708	63.708	60.614	5.756	5.756	54.547	54.547	53.056	51.576	51.576	48.648	48.648	48.648	48.648	48.648	48.648	47.201	48.648	48.648	48.648	48.648	47.201	45.764	45.764	45.764	47.201	47.201	31	8	2007
117.994	110.761	110.761	107.189	107.189	105.414	103.647	100.136	96.656	96.656	93.208	89.792	89.792	89.792	89.792	86.409	86.409	86.409	86.409	8.473	8.306	8.306	8.306	81.398	79.745	7.81	76.465	74.838	7.322	7.322	7.322	31	7	2007
267.599	276.629	260.877	251.984	238.793	230.101	234.437	238.793	227.941	215.091	202.436	192.041	181.789	177.728	169.679	163.705	159.753	155.826	151.924	148.047	144.197	136.574	132.803	132.803	129.059	125.343	121.654	117.994	117.994	121.654	0	31	6	2007
621.293	630.937	627.715	65.043	68.018	634.167	589.644	543.322	500.653	461.478	423.136	393.087	366.049	344.299	327.621	308.824	301.849	297.222	294.915	283.451	274.364	265.353	258.646	247.567	238.793	230.101	227.941	223.637	234.437	265.353	265.353	31	5	2007
663.576	727.676	69.36	630.937	543.322	521.876	492.753	469.247	446.039	423.136	413.057	440.923	567.711	70.714	93.62	987.131	971.327	894.078	827.085	77.31	794.492	762.505	758.989	769.561	70.714	627.715	564.988	521.876	47.705	443.479	408.041	31	3	2007
297.222	297.222	285.734	260.877	236.612	221.492	208.739	212.969	225.786	210.851	200.345	196.182	196.182	206.632	272.104	329.991	251.984	221.492	221.492	212.969	189.979	171.682	163.705	171.682	202.436	212.969	206.632	192.041	24.317	278.898	290.316	31	1	2007
140.372	148.047	196.182	208.739	208.739	171.682	151.924	132.803	125.343	134.685	25.642	368.487	464.064	400.546	339.512	339.512	346.699	341.904	353.924	329.991	306.495	276.629	260.877	260.877	247.567	204.531	192.041	177.728	171.682	167.681	215.091	31	12	2006
269.849	230.101	215.091	202.436	196.182	169.679	142.281	132.803	125.343	132.803	212.969	274.364	30.417	306.495	274.364	301.849	278.898	230.101	202.436	187.923	171.682	153.871	140.372	136.574	157.786	155.826	146.119	140.372	136.574	132.803	0	31	11	2006
130.927	125.343	123.495	108.971	89.792	88.097	86.409	91.496	96.656	96.656	101.888	114.363	110.761	110.761	129.059	129.059	129.059	129.059	129.059	140.372	175.707	151.924	144.197	121.654	112.558	100.136	91.496	89.792	103.647	117.994	251.984	31	10	2006
86.409	93.208	89.792	86.409	8.306	79.745	8.473	93.208	86.409	81.398	76.465	70.012	66.841	66.841	6.527	63.708	6.527	63.708	60.614	60.614	66.841	7.81	86.409	91.496	96.656	91.496	88.097	108.971	148.047	140.372	0	31	9	2006
107.189	108.971	108.971	107.189	107.189	103.647	100.136	93.208	93.208	93.208	89.792	86.409	86.409	86.409	8.473	8.306	79.745	7.81	79.745	76.465	76.465	7.81	81.398	88.097	89.792	89.792	8.306	79.745	76.465	7.322	7.322	31	8	2006
175.707	167.681	16.569	163.705	159.753	157.786	155.826	153.871	151.924	148.047	148.047	144.197	136.574	134.685	132.803	129.059	125.343	125.343	121.654	121.654	117.994	117.994	114.363	114.363	110.761	107.189	107.189	107.189	107.189	107.189	103.647	31	7	2006
385.664	373.374	358.761	344.299	339.512	329.991	31.584	306.495	297.222	290.316	283.451	274.364	267.599	260.877	249.773	245.366	238.793	234.437	225.786	219.353	215.091	208.739	204.531	198.261	192.041	192.041	187.923	185.872	183.827	179.755	0	31	6	2006
630.937	794.492	77.31	653.705	611.718	571.021	505.938	469.247	443.479	413.057	408.041	408.041	438.371	513.891	548.718	621.293	614.902	559.551	580.298	413.057	448.603	471.844	559.551	727.676	673.516	618.094	564.988	54.063	783.763	798.084	787.332	31	3	2006
283.451	320.539	495.383	592.774	529.893	511.236	535.254	571.021	592.774	571.021	464.064	438.371	464.064	466.654	548.718	562.268	559.551	548.718	511.236	532.572	567.711	564.988	574.105	511.236	458.895	433.277	438.371	519.211	0	0	0	31	2	2006
337.126	306.495	274.364	265.353	31.584	378.278	521.876	602.212	70.714	700.355	608.542	602.212	519.211	448.603	373.374	325.256	301.849	258.646	234.437	265.353	297.222	294.915	283.451	258.646	245.366	247.567	238.793	225.786	230.101	234.437	25.42	31	1	2006
144.197	125.343	103.647	79.745	114.363	155.826	167.681	167.681	251.984	263.113	25.642	325.256	366.049	446.039	413.057	433.277	559.551	484.885	361.186	288.023	299.533	265.353	230.101	251.984	247.567	247.567	230.101	225.786	308.824	368.487	349.103	31	12	2005
81.398	81.398	86.409	81.398	8.306	8.306	89.792	86.409	79.745	7.322	70.012	66.841	71.611	86.409	93.208	299.533	230.101	192.041	169.679	140.372	132.803	144.197	151.924	167.681	163.705	202.436	196.182	215.091	192.041	161.726	0	31	11	2005
121.654	121.654	103.647	91.496	86.409	86.409	89.792	8.306	76.465	70.012	70.012	66.841	66.841	70.012	70.012	66.841	63.708	62.156	60.614	60.614	63.708	7.322	107.189	140.372	13.847	121.654	107.189	93.208	79.745	79.745	8.306	31	10	2005
5.756	60.614	5.756	5.756	60.614	66.841	70.012	70.012	66.841	62.156	59.082	5.756	60.614	53.056	51.576	53.056	51.576	53.056	51.576	51.576	50.106	48.648	51.576	60.614	60.614	81.398	107.189	117.994	114.363	110.761	0	31	9	2005
7.322	7.322	7.322	7.322	70.012	70.012	70.012	66.841	66.841	68.422	68.422	70.012	68.422	70.012	70.012	70.012	70.012	66.841	63.708	60.614	60.614	59.082	59.082	60.614	60.614	59.082	5.756	5.756	5.756	5.756	5.756	31	8	2005
129.059	129.059	125.343	121.654	119.821	117.994	114.363	114.363	110.761	108.971	107.189	105.414	103.647	103.647	100.136	98.392	96.656	96.656	94.928	93.208	93.208	89.792	86.409	86.409	86.409	8.306	8.306	79.745	7.81	76.465	7.322	31	7	2005
247.567	240.979	227.941	219.353	210.851	204.531	200.345	192.041	187.923	183.827	179.755	175.707	173.691	169.679	16.569	163.705	159.753	155.826	153.871	151.924	148.047	151.924	149.982	148.047	144.197	142.281	136.574	136.574	136.574	132.803	0	31	6	2005
637.404	583.405	602.212	571.021	551.421	532.572	492.753	456.317	423.136	398.056	378.278	358.761	339.512	322.896	306.495	294.915	283.451	274.364	267.599	260.877	25.642	25.642	25.42	265.353	265.353	272.104	308.824	388.135	353.924	308.824	267.599	31	5	2005
192.041	232.266	25.642	276.629	236.612	206.632	208.739	208.739	200.345	181.789	163.705	16.569	185.872	225.786	265.353	334.743	403.041	443.479	516.549	611.718	564.988	466.654	448.603	380.736	349.103	318.187	292.613	278.898	267.599	292.613	383.198	31	1	2005
192.041	194.109	208.739	208.739	189.979	183.827	179.755	179.755	171.682	167.681	171.682	183.827	183.827	163.705	151.924	148.047	155.826	144.197	144.197	144.197	140.372	140.372	223.637	230.101	221.492	175.707	16.569	171.682	167.681	183.827	189.979	31	12	2004
136.574	132.803	123.495	119.821	114.363	100.136	96.656	98.392	103.647	136.574	159.753	155.826	144.197	142.281	151.924	159.753	185.872	161.726	148.047	148.047	144.197	148.047	144.197	183.827	194.109	206.632	329.991	263.113	272.104	227.941	0	31	11	2004
68.422	66.841	68.422	68.422	63.708	63.708	70.012	132.803	108.971	93.208	86.409	79.745	7.81	76.465	76.465	76.465	79.745	93.208	103.647	114.363	114.363	107.189	117.994	132.803	129.059	121.654	132.803	148.047	136.574	142.281	144.197	31	10	2004
114.363	107.189	100.136	91.496	86.409	76.465	7.322	70.012	66.841	66.841	6.527	63.708	70.012	76.465	86.409	86.409	81.398	74.838	70.012	70.012	70.012	70.012	68.422	6.527	63.708	63.708	63.708	63.708	60.614	62.156	0	31	9	2004
7.81	76.465	76.465	76.465	7.322	71.611	70.012	70.012	68.422	68.422	68.422	68.422	66.841	63.708	62.156	60.614	60.614	59.082	59.082	59.082	5.756	5.756	5.756	56.048	56.048	63.708	105.414	136.574	155.826	125.343	117.994	31	8	2004
117.994	117.994	114.363	114.363	112.558	110.761	108.971	107.189	105.414	105.414	107.189	108.971	117.994	129.059	129.059	119.821	112.558	107.189	103.647	101.888	101.888	100.136	98.392	93.208	89.792	86.409	8.306	8.306	79.745	76.465	76.465	31	7	2004
202.436	198.261	196.182	192.041	196.182	210.851	21.722	219.353	208.739	200.345	196.182	183.827	175.707	167.681	163.705	159.753	155.826	155.826	151.924	148.047	144.197	142.281	136.574	136.574	134.685	132.803	129.059	129.059	125.343	123.495	0	31	6	2004
643.902	703.744	68.018	583.405	508.585	45.117	410.547	378.278	358.761	349.103	351.511	344.299	327.621	332.365	349.103	337.126	332.365	313.497	30.417	294.915	285.734	281.172	272.104	263.113	249.773	240.979	232.266	223.637	219.353	215.091	208.739	31	5	2004
247.567	274.364	269.849	269.849	269.849	265.353	283.451	306.495	349.103	334.743	269.849	245.366	230.101	21.722	204.531	200.345	200.345	221.492	297.222	368.487	461.478	383.198	297.222	269.849	25.42	24.317	238.793	247.567	288.023	349.103	339.512	31	12	2003
114.363	114.363	116.175	125.343	206.632	320.539	415.571	393.087	308.824	308.824	353.924	366.049	301.849	245.366	21.722	196.182	202.436	206.632	240.979	306.495	269.849	260.877	240.979	221.492	21.722	230.101	274.364	245.366	238.793	24.317	0	31	11	2003
53.056	5.756	68.422	93.208	8.306	76.465	70.012	63.708	7.322	86.409	79.745	7.322	76.465	105.414	123.495	132.803	144.197	127.197	114.363	103.647	94.928	8.473	8.473	114.363	140.372	136.574	136.574	161.726	151.924	134.685	110.761	31	10	2003
7.322	7.322	71.611	66.841	63.708	5.756	54.547	48.648	48.648	45.764	45.764	48.648	48.648	5.756	63.708	68.422	7.322	7.322	70.012	63.708	63.708	60.614	59.082	54.547	51.576	51.576	50.106	50.106	48.648	47.201	0	31	9	2003
6.527	66.841	63.708	63.708	62.156	60.614	60.614	59.082	5.756	5.756	56.048	54.547	54.547	54.547	59.082	60.614	66.841	7.322	79.745	81.398	76.465	7.322	63.708	5.756	56.048	54.547	54.547	56.048	79.745	8.306	76.465	31	8	2003
130.927	125.343	119.821	117.994	112.558	107.189	107.189	103.647	103.647	100.136	96.656	96.656	93.208	89.792	88.097	86.409	8.473	8.306	79.745	79.745	76.465	76.465	76.465	7.322	7.322	71.611	70.012	70.012	66.841	66.841	6.527	31	7	2003
204.531	196.182	192.041	183.827	179.755	173.691	167.681	163.705	159.753	151.924	148.047	144.197	142.281	136.574	136.574	132.803	129.059	129.059	125.343	125.343	121.654	121.654	121.654	171.682	227.941	221.492	183.827	171.682	159.753	148.047	0	31	6	2003
311.158	311.158	313.497	469.247	398.056	503.294	519.211	423.136	388.135	361.186	329.991	308.824	288.023	272.104	25.642	247.567	234.437	223.637	21.722	208.739	202.436	200.345	192.041	187.923	185.872	183.827	200.345	249.773	269.849	236.612	215.091	31	5	2003
776.647	783.763	758.989	780.201	741.518	68.018	640.649	589.644	556.838	571.021	589.644	513.891	505.938	532.572	571.021	554.128	524.545	492.753	495.383	503.294	469.247	423.136	388.135	358.761	334.743	31.584	308.824	297.222	301.849	31.584	0	31	4	2003
469.247	53.794	627.715	589.644	527.217	47.705	428.199	415.571	383.198	358.761	320.539	292.613	267.599	247.567	247.567	225.786	212.969	221.492	267.599	251.984	283.451	276.629	283.451	297.222	297.222	288.023	260.877	263.113	297.222	297.222	311.158	31	1	2003
173.691	210.851	25.642	288.023	267.599	219.353	206.632	194.109	208.739	274.364	260.877	249.773	251.984	25.642	278.898	283.451	278.898	283.451	31.584	334.743	408.041	469.247	479.658	380.736	325.256	30.417	322.896	423.136	484.885	519.211	495.383	31	12	2002
81.775	86.814	83.446	8.851	104.146	156.624	242.291	24.892	223.637	210.851	204.531	198.261	173.691	148.047	127.197	114.363	110.761	107.189	101.888	96.656	107.189	110.761	107.189	114.363	198.261	202.436	192.041	185.872	198.261	179.755	0	31	11	2002
107.708	100.616	90.215	73.554	76.816	133.467	150.746	133.467	116.745	104.146	97.117	80.113	71.937	6.873	67.141	73.554	73.554	76.816	80.113	93.649	107.708	104.146	107.708	127.829	162.558	152.699	14.3	124.106	10.95	97.117	90.215	31	10	2002
43.105	43.105	44.525	60.882	80.113	90.215	98.862	95.379	83.446	76.816	67.141	60.882	56.293	54.783	50.321	48.855	48.855	51.797	51.797	48.855	4.74	45.957	45.957	50.321	56.293	63.992	63.992	67.141	80.113	95.379	0	31	9	2002
76.816	76.816	76.816	71.937	70.329	70.329	67.141	67.141	63.992	62.432	59.342	57.812	57.812	57.812	56.293	54.783	54.783	51.797	51.797	48.855	4.74	45.957	45.957	44.525	43.105	43.105	43.105	43.105	43.105	43.105	43.105	31	8	2002
107.708	105.923	104.146	100.616	97.117	97.117	93.649	93.649	93.649	90.215	90.215	90.215	86.814	86.814	86.814	86.814	93.649	93.649	93.649	93.649	97.117	93.649	90.215	86.814	81.775	80.113	80.113	85.126	86.814	85.126	80.113	31	7	2002
218.386	201.409	19.722	193.055	188.912	184.792	176.622	172.574	168.549	162.558	158.596	154.658	152.699	156.624	156.624	154.658	14.88	14.686	14.108	133.467	125.964	125.964	124.106	122.255	122.255	122.255	118.574	116.745	114.922	11.13	0	31	6	2002
282.736	255.594	262.314	255.594	271.342	257.829	269.078	264.563	264.563	271.342	262.314	262.314	242.291	229.173	214.109	207.734	19.722	193.055	19.722	199.312	19.722	229.173	280.448	397.871	392.878	387.901	363.263	312.913	280.448	253.365	231.347	31	5	2002
385.419	363.263	346.267	334.255	329.481	331.866	346.267	355.953	368.157	402.881	499.296	51.681	627.715	595.912	513.872	48.206	46.791	451.187	426.631	434.746	41.592	370.611	351.101	327.101	317.624	308.219	308.219	315.266	301.214	291.937	0	31	4	2002
407.906	395.373	392.878	400.374	405.391	459.514	502.195	505.103	470.724	442.931	487.774	589.644	700.355	713.955	627.715	531.618	462.305	41.592	390.388	363.263	346.267	327.101	341.449	397.871	437.466	528.641	583.405	608.542	583.405	493.519	423.941	31	3	2002
48.206	510.941	493.519	484.913	470.724	45.673	380.466	322.354	285.029	285.029	280.448	273.611	275.885	298.888	377.996	48.206	571.021	577.198	640.649	69.36	734.582	69.36	744.997	731.125	614.902	499.296	432.033	448.427	510.941	621.293	528.641	31	12	2001
11.13	154.658	154.658	144.927	13.536	125.964	122.255	114.922	104.146	97.117	90.215	90.215	91.928	8.851	85.126	80.113	76.816	7.846	93.649	114.922	127.829	127.829	144.927	224.842	233.525	240.092	240.092	260.069	317.624	38.294	0	31	11	2001
63.992	67.141	70.329	67.141	63.992	63.992	60.882	60.882	65.562	73.554	80.113	76.816	80.113	93.649	98.862	125.964	150.746	160.574	14.88	13.726	125.964	113.108	122.255	152.699	168.549	193.055	184.792	172.574	154.658	129.702	113.108	31	10	2001
54.783	60.882	54.783	51.797	51.797	51.797	51.797	53.285	60.882	71.937	70.329	73.554	86.814	100.616	91.928	83.446	8.851	114.922	14.3	13.726	125.964	107.708	93.649	85.126	83.446	7.846	73.554	6.873	65.562	67.141	0	31	9	2001
85.126	83.446	80.113	7.846	76.816	7.518	73.554	73.554	70.329	70.329	70.329	6.873	67.141	67.141	65.562	63.992	63.992	60.882	60.882	59.342	57.812	56.293	54.783	54.783	54.783	53.285	53.285	51.797	51.797	51.797	51.797	31	8	2001
154.658	152.699	144.927	14.108	139.167	13.726	13.536	133.467	129.702	125.964	122.255	118.574	118.574	125.964	133.467	144.927	13.536	129.702	118.574	114.922	11.13	107.708	104.146	104.146	100.616	100.616	100.616	97.117	93.649	90.215	86.814	31	7	2001
410.612	365.708	346.267	329.481	298.888	301.214	287.327	275.885	266.818	257.829	24.892	240.092	229.173	220.533	214.109	20.562	201.409	195.135	19.098	184.792	180.695	178.656	176.622	176.622	172.574	168.549	166.546	160.574	156.624	154.658	0	31	6	2001
380.466	355.953	336.649	319.987	303.544	291.937	282.736	273.611	266.818	28.963	324.725	451.187	426.631	380.466	365.708	360.822	348.682	327.101	303.544	291.937	29.425	346.267	407.906	470.724	451.187	496.403	534.603	540.596	502.195	453.955	437.466	31	5	2001
490.643	470.724	410.612	392.878	380.466	365.708	336.649	310.564	303.544	308.219	327.101	390.388	505.103	627.715	65.043	666.882	670.195	700.355	713.955	686.875	608.542	540.596	473.546	442.931	437.466	459.514	437.466	407.906	397.871	410.612	46.791	31	3	2001
537.596	602.212	546.619	48.206	45.673	405.391	365.708	324.725	298.888	317.624	315.266	331.866	319.987	30.588	30.588	285.029	298.888	336.649	312.913	29.425	280.448	275.885	298.888	331.866	339.047	343.856	351.101	395.373	0	0	0	31	2	2001
387.901	37.553	346.267	339.047	334.255	327.101	346.267	363.263	385.419	365.708	353.525	334.255	331.866	331.866	327.101	308.219	280.448	257.829	244.496	246.705	282.736	287.327	280.448	29.425	317.624	373.069	385.419	365.708	346.267	360.822	440.195	31	1	2001
131.581	158.596	168.549	154.658	240.092	262.314	266.818	253.365	235.709	257.829	315.266	355.953	390.388	285.029	237.898	207.734	193.055	184.792	166.546	152.699	170.558	162.558	172.574	178.656	164.549	150.746	14.108	14.108	144.927	166.546	0	31	11	2000
14.88	13.726	133.467	129.702	14.88	162.558	144.927	14.108	160.574	14.88	133.467	122.255	11.13	104.146	11.13	107.708	114.922	118.574	125.964	125.964	118.574	104.146	97.117	97.117	10.95	114.922	118.574	13.536	144.927	129.702	125.964	31	10	2000
63.992	62.432	60.882	60.882	60.882	67.141	86.814	93.649	97.117	100.616	100.616	104.146	120.411	118.574	11.13	107.708	104.146	105.923	11.13	107.708	104.146	95.379	8.851	80.113	76.816	7.518	76.816	104.146	160.574	152.699	0	31	9	2000
97.117	93.649	91.928	90.215	90.215	8.851	86.814	86.814	85.126	83.446	83.446	86.814	90.215	90.215	90.215	8.851	86.814	7.846	76.816	73.554	73.554	71.937	70.329	70.329	67.141	67.141	63.992	65.562	63.992	63.992	63.992	31	8	2000
144.927	14.108	139.167	13.726	133.467	133.467	127.829	125.964	125.964	122.255	122.255	120.411	120.411	118.574	118.574	118.574	120.411	122.255	125.964	129.702	133.467	13.726	129.702	125.964	122.255	118.574	11.13	107.708	104.146	100.616	97.117	31	7	2000
262.314	257.829	253.365	24.892	240.092	233.525	227.005	218.386	214.109	209.854	20.562	201.409	19.722	193.055	188.912	182.741	180.695	176.622	172.574	172.574	172.574	176.622	176.622	174.595	170.558	160.574	156.624	152.699	14.88	14.686	0	31	6	2000
69.36	643.902	564.874	52.271	490.643	459.514	45.673	534.603	627.715	577.198	571.021	549.643	487.774	465.103	445.675	41.592	390.388	368.157	353.525	339.047	334.255	353.525	380.466	365.708	341.449	327.101	30.588	28.963	282.736	275.885	266.818	31	5	2000
13.536	116.745	95.379	97.117	102.377	118.574	114.922	113.108	105.923	98.862	83.446	70.329	65.562	63.992	62.432	62.432	70.329	85.126	86.814	83.446	76.816	70.329	7.846	97.117	90.215	83.446	73.554	85.126	122.255	125.964	131.581	31	10	1999
32.191	32.191	32.191	32.191	32.191	30.886	30.886	30.886	30.886	30.886	37.546	63.992	67.141	65.562	63.992	63.992	73.554	71.937	65.562	65.562	65.562	6.873	67.141	80.113	98.862	129.702	193.055	220.533	170.558	14.686	0	31	9	1999
54.783	54.783	53.285	51.797	51.797	50.321	48.855	48.855	4.74	45.957	44.525	44.525	43.105	43.105	43.105	41.697	41.697	40.301	40.301	38.918	37.546	36.188	34.842	32.191	32.191	32.191	32.191	30.886	32.191	3.351	3.351	31	8	1999
120.411	118.574	113.108	10.95	105.923	102.377	98.862	97.117	93.649	93.649	90.215	8.851	8.851	85.126	81.775	76.816	73.554	76.816	7.518	73.554	71.937	70.329	6.873	67.141	65.562	63.992	60.882	59.342	57.812	57.812	56.293	31	7	1999
255.594	242.291	233.525	224.842	216.245	207.734	201.409	195.135	186.849	180.695	174.595	170.558	166.546	162.558	158.596	154.658	152.699	14.88	144.927	14.3	14.686	150.746	152.699	14.686	144.927	139.167	13.726	13.536	131.581	124.106	0	31	6	1999
462.305	513.872	445.675	423.941	402.881	373.069	365.708	370.611	385.419	432.033	434.746	410.612	402.881	451.187	513.872	599.058	614.902	69.36	690.234	660.278	558.759	499.296	451.187	462.305	423.941	392.878	355.953	327.101	303.544	285.029	269.078	31	5	1999
713.955	755.479	77.31	70.714	592.774	525.672	46.791	442.931	429.328	410.612	37.553	351.101	334.255	339.047	346.267	37.553	418.586	385.419	410.612	418.586	41.592	400.374	37.553	355.953	358.386	353.525	339.047	368.157	355.953	348.682	0	31	4	1999
296.566	280.448	255.594	233.525	25.114	310.564	363.263	387.901	331.866	319.987	310.564	285.029	262.314	264.563	275.885	28.963	287.327	275.885	271.342	280.448	28.963	310.564	278.164	266.818	273.611	363.263	476.376	513.872	0	0	0	31	2	1999
166.546	207.734	193.055	282.736	355.953	410.612	451.187	513.872	502.195	434.746	358.386	343.856	310.564	308.219	308.219	341.449	358.386	363.263	380.466	348.682	322.354	315.266	329.481	348.682	329.481	285.029	30.588	28.963	273.611	264.563	30.588	31	1	1999
363.263	334.255	30.588	266.818	24.892	29.425	253.365	269.078	285.029	269.078	257.829	237.898	218.386	201.409	201.409	186.849	184.792	182.741	201.409	207.734	209.854	203.512	195.135	218.386	253.365	253.365	253.365	229.173	203.512	186.849	174.595	31	12	1998
114.922	10.95	11.13	11.13	114.922	120.411	122.255	180.695	195.135	186.849	174.595	14.88	13.726	124.106	124.106	122.255	133.467	164.549	13.536	120.411	124.106	176.622	199.312	222.685	218.386	255.594	303.544	331.866	358.386	365.708	0	31	11	1998
40.301	40.301	41.697	43.105	40.301	36.188	38.918	54.783	57.812	51.797	62.432	80.113	11.13	95.379	8.851	91.928	91.928	8.851	86.814	76.816	80.113	76.816	90.215	124.106	11.13	93.649	8.851	91.928	102.377	100.616	97.117	31	10	1998
32.191	32.191	32.191	32.191	30.886	29.595	28.318	30.886	30.886	30.886	30.886	30.886	29.595	29.595	29.595	29.595	29.595	29.595	29.595	29.595	28.318	41.697	45.957	54.783	53.285	4.74	44.525	38.918	37.546	36.188	0	31	9	1998
44.525	44.525	43.105	41.697	40.301	40.301	40.301	40.301	40.301	38.918	38.918	37.546	37.546	37.546	37.546	37.546	36.188	36.188	36.188	36.188	34.842	34.842	3.351	32.191	32.191	32.191	32.191	32.191	32.191	32.191	3.351	31	8	1998
67.141	65.562	62.432	62.432	60.882	59.342	57.812	57.812	59.342	60.882	63.992	71.937	7.518	80.113	76.816	70.329	65.562	62.432	59.342	57.812	56.293	54.783	53.285	51.797	50.321	48.855	4.74	45.957	45.957	44.525	44.525	31	7	1998
125.964	125.964	129.702	125.964	122.255	116.745	11.13	107.708	104.146	100.616	98.862	97.117	93.649	91.928	90.215	8.851	85.126	83.446	83.446	83.446	83.446	80.113	76.816	76.816	73.554	71.937	70.329	70.329	6.873	67.141	0	31	6	1998
25.114	242.291	282.736	353.525	38.294	465.103	400.374	327.101	319.987	30.588	29.425	271.342	246.705	227.005	214.109	203.512	19.098	184.792	172.574	168.549	164.549	158.596	152.699	152.699	14.686	14.3	13.536	13.536	131.581	127.829	125.964	31	5	1998
387.901	373.069	343.856	343.856	339.047	324.725	303.544	285.029	269.078	266.818	269.078	28.963	298.888	291.937	269.078	260.069	253.365	244.496	235.709	231.347	222.685	218.386	216.245	207.734	203.512	19.722	19.722	195.135	235.709	237.898	0	31	4	1998
90.167	734.582	65.043	583.405	574.105	586.521	51.681	48.206	465.103	459.514	445.675	442.931	437.466	423.941	465.103	558.759	643.902	710.544	717.374	696.973	670.195	640.649	608.542	583.405	534.603	499.296	462.305	423.941	397.871	397.871	418.586	31	3	1998
203.512	207.734	193.055	186.849	199.312	19.722	182.741	188.912	195.135	199.312	209.854	282.736	353.525	432.033	315.266	271.342	271.342	28.963	310.564	329.481	334.255	377.996	423.941	537.596	656.988	762.505	856.562	864.006	794.492	713.955	618.094	31	1	1998
154.658	150.746	144.927	150.746	13.726	14.88	168.549	14.686	139.167	14.108	13.726	133.467	166.546	168.549	186.849	218.386	211.979	214.109	237.898	237.898	264.563	278.164	25.114	201.409	180.695	164.549	14.88	13.536	144.927	182.741	199.312	31	12	1997
14.686	14.108	133.467	124.106	116.745	10.95	107.708	104.146	100.616	97.117	93.649	91.928	105.923	116.745	122.255	125.964	127.829	133.467	118.574	122.255	118.574	118.574	125.964	125.964	116.745	107.708	125.964	139.167	154.658	162.558	0	31	11	1997
93.649	100.616	102.377	131.581	122.255	133.467	133.467	124.106	120.411	122.255	114.922	105.923	102.377	97.117	95.379	120.411	222.685	269.078	235.709	222.685	291.937	346.267	278.164	233.525	227.005	218.386	19.098	164.549	154.658	152.699	14.88	31	10	1997
90.215	90.215	90.215	8.851	8.851	8.851	86.814	86.814	85.126	85.126	85.126	83.446	83.446	83.446	85.126	85.126	83.446	83.446	81.775	86.814	98.862	102.377	131.581	152.699	131.581	122.255	113.108	105.923	100.616	97.117	0	31	9	1997
116.745	114.922	114.922	114.922	113.108	113.108	11.13	11.13	10.95	10.95	107.708	107.708	105.923	105.923	104.146	104.146	102.377	102.377	102.377	100.616	100.616	98.862	98.862	97.117	95.379	95.379	93.649	93.649	91.928	91.928	91.928	31	8	1997
168.549	166.546	166.546	164.549	160.574	156.624	150.746	14.686	144.927	14.108	14.108	14.108	139.167	13.726	13.536	133.467	131.581	129.702	129.702	127.829	125.964	125.964	124.106	124.106	122.255	122.255	120.411	120.411	118.574	118.574	116.745	31	7	1997
303.544	298.888	287.327	280.448	273.611	269.078	264.563	260.069	257.829	257.829	253.365	24.892	242.291	237.898	229.173	227.005	220.533	216.245	209.854	207.734	201.409	19.722	193.055	188.912	184.792	182.741	180.695	176.622	174.595	168.549	0	31	6	1997
738.046	710.544	660.278	643.902	589.644	555.712	543.604	537.596	546.619	534.603	51.681	690.234	643.902	686.875	790.908	812.525	81.979	783.763	69.36	614.902	599.058	589.644	580.298	543.604	505.103	479.214	487.774	459.514	0	0	0	31	2	1997
429.328	343.856	301.214	271.342	244.496	224.842	207.734	195.135	188.912	186.849	184.792	188.912	184.792	180.695	178.656	182.741	184.792	178.656	172.574	188.912	222.685	271.342	264.563	287.327	339.047	390.388	387.901	465.103	51.681	508.018	508.018	31	12	1996
242.291	278.164	260.069	253.365	246.705	235.709	235.709	229.173	211.979	19.722	207.734	19.722	19.098	214.109	257.829	298.888	275.885	360.822	365.708	38.294	365.708	445.675	493.519	549.643	440.195	365.708	387.901	534.603	586.521	537.596	0	31	11	1996
100.616	104.146	114.922	13.536	152.699	170.558	195.135	20.562	207.734	19.098	172.574	156.624	14.88	150.746	14.108	14.108	184.792	207.734	207.734	178.656	166.546	160.574	166.546	193.055	278.164	315.266	237.898	19.722	199.312	220.533	201.409	31	10	1996
90.215	90.215	8.851	86.814	86.814	86.814	86.814	86.814	86.814	83.446	81.775	80.113	80.113	81.775	81.775	80.113	80.113	80.113	80.113	80.113	80.113	80.113	80.113	7.846	76.816	7.518	76.816	7.846	90.215	98.862	0	31	9	1996
122.255	118.574	118.574	114.922	113.108	11.13	11.13	10.95	107.708	107.708	105.923	105.923	105.923	107.708	11.13	11.13	11.13	10.95	107.708	104.146	100.616	98.862	97.117	95.379	93.649	90.215	90.215	90.215	90.215	8.851	90.215	31	8	1996
19.098	188.912	184.792	182.741	178.656	176.622	172.574	168.549	166.546	164.549	160.574	158.596	158.596	156.624	152.699	150.746	14.88	144.927	14.3	14.108	139.167	13.726	139.167	139.167	13.726	133.467	133.467	129.702	125.964	125.964	124.106	31	7	1996
358.386	348.682	339.047	329.481	319.987	310.564	301.214	29.425	287.327	280.448	273.611	266.818	260.069	255.594	25.114	244.496	240.092	235.709	231.347	227.005	222.685	218.386	214.109	209.854	20.562	203.512	201.409	19.722	195.135	193.055	0	31	6	1996
531.618	499.296	51.681	561.813	621.293	69.36	852.852	105.152	995.077	805.289	68.018	602.212	640.649	592.774	621.293	731.125	676.844	621.293	580.298	543.604	519.757	621.293	611.718	621.293	546.619	493.519	484.913	499.296	499.296	0	0	31	2	1996
801.683	780.201	909.291	808.903	670.195	686.875	77.31	841.764	928.475	886.515	794.492	720.801	670.195	663.576	68.018	673.516	62.45	564.874	543.604	558.759	611.718	834.409	959.552	905.477	787.332	766.029	731.125	640.649	580.298	549.643	543.604	31	1	1996
574.846	528.988	436.378	358.386	385.419	429.328	42.126	407.906	567.944	673.516	70.714	878.983	808.903	727.676	70.714	89.787	928.475	867.739	741.518	630.937	574.105	476.376	429.328	437.466	418.586	426.631	434.746	418.586	442.931	589.644	666.882	31	12	1995
158.053	180.118	189.628	239.869	276.503	312.736	244.077	199.321	176.366	154.481	145.687	156.263	15.985	154.481	145.687	133.702	128.685	231.535	231.535	203.248	176.366	272.092	294.411	246.191	310.423	360.339	517.748	470.998	395.145	479.127	0	31	11	1995
58.797	58.797	56.341	56.341	56.341	58.797	58.797	62.554	6.004	57.564	61.292	71.655	86.873	85.445	75.697	69.008	62.554	62.554	65.107	70.327	84.025	98.618	127.028	149.181	145.687	145.687	128.685	104.697	85.445	84.025	128.685	31	10	1995
66.398	65.107	63.826	61.292	61.292	61.292	6.004	6.004	58.797	58.797	58.797	58.797	58.797	61.292	61.292	61.292	58.797	6.004	65.107	70.327	67.698	66.398	65.107	63.826	6.004	58.797	57.564	57.564	58.797	61.292	0	31	9	1995
98.618	98.618	97.119	94.148	94.148	92.676	91.212	91.212	88.311	86.873	85.445	84.025	82.615	81.213	7.982	7.982	78.436	77.062	75.697	7.434	7.434	72.993	72.993	72.993	71.655	71.655	71.655	70.327	69.008	69.008	69.008	31	8	1995
176.366	172.643	170.793	167.115	163.468	15.985	156.263	152.707	149.181	14.743	145.687	143.951	140.503	138.791	13.539	132.022	130.349	128.685	12.538	122.107	122.107	118.868	11.726	11.566	112.486	110.912	109.345	107.788	106.238	104.697	100.125	31	7	1995
446.924	420.736	395.145	372.631	355.465	338.605	324.399	310.423	298.953	287.646	283.169	274.294	267.708	261.182	252.575	244.077	239.869	233.608	22.741	221.274	217.219	211.189	205.222	201.281	197.368	195.422	189.628	185.802	182.006	178.239	0	31	6	1995
51.964	501.582	479.292	459.501	431.377	410.122	39.753	382.995	374.765	374.765	354.434	346.401	338.425	358.472	395.443	461.687	551.712	560.984	596.179	582.021	547.094	463.877	435.668	431.377	448.619	479.292	508.331	535.601	526.462	524.185	526.462	31	3	1995
31.097	342.406	39.962	416.464	485.946	521.911	510.586	497.099	47.708	461.687	506.078	544.789	572.642	634.444	666.977	646.191	632.031	608.057	598.549	768.131	903.953	85.381	772.739	718.607	639.279	627.213	600.922	560.984	0	0	0	31	2	1995
531.025	499.339	490.398	512.845	531.025	642.084	692.483	745.357	696.794	591.448	570.304	558.662	540.189	560.984	526.462	531.025	48.817	468.265	435.668	429.237	39.962	36.659	342.406	334.459	330.507	314.848	338.425	330.507	33.644	334.459	322.648	31	1	1995
387.131	446.452	508.331	517.372	422.835	356.451	32.657	35.041	354.434	338.425	316.792	340.414	364.555	39.336	446.452	442.129	412.233	387.131	376.817	35.242	32.657	332.481	346.401	39.753	403.811	508.331	528.742	579.672	754.414	745.357	603.297	31	12	1994
164.204	156.328	136.422	123.144	110.297	10.198	95.206	89.892	84.674	7.829	7.829	74.534	83.385	100.614	10.198	100.614	121.695	198.562	229.573	219.082	195.204	286.131	328.537	376.817	446.452	405.911	380.932	395.443	36.659	380.932	0	31	11	1994
164.204	140.941	118.813	107.502	91.212	87.271	10.198	107.502	120.252	142.457	162.619	143.978	128.993	118.813	107.502	100.614	111.703	123.144	118.813	113.114	124.599	168.987	177.054	159.464	145.505	131.949	127.523	123.144	11.738	120.252	143.978	31	10	1994
7.578	77.031	77.031	7.829	7.829	79.554	123.144	11.738	115.953	113.114	110.297	91.212	80.825	7.578	7.578	7.578	7.578	74.534	74.534	73.295	70.836	68.404	64.805	6.244	61.268	58.944	56.648	55.511	72.063	143.978	0	31	9	1994
114.531	114.531	113.114	113.114	113.114	127.523	142.457	145.505	133.435	126.058	120.252	113.114	108.897	10.198	99.253	97.899	9.655	95.206	93.869	92.538	92.538	89.892	88.579	8.597	8.597	84.674	84.674	83.385	80.825	79.554	77.031	31	8	1994
142.457	137.923	136.422	134.926	134.926	133.435	133.435	131.949	128.993	127.523	126.058	126.058	124.599	124.599	123.144	121.695	121.695	120.252	120.252	118.813	118.813	118.813	118.813	118.813	11.738	11.738	11.738	115.953	115.953	115.953	115.953	31	7	1994
260.111	256.458	263.781	260.111	251.007	238.432	224.309	22.082	217.348	213.893	201.938	195.204	190.199	18.854	186.885	185.235	18.359	180.313	177.054	175.431	173.813	17.22	170.591	167.388	165.794	164.204	164.204	157.893	153.211	147.036	0	31	6	1994
410.122	405.911	403.811	387.131	368.628	340.414	322.648	305.181	293.705	28.991	284.247	278.618	274.886	273.025	271.168	269.316	267.467	267.467	263.781	271.168	274.886	261.944	256.458	249.199	249.199	260.111	263.781	271.168	274.886	271.168	263.781	31	5	1994
617.612	593.812	582.021	579.672	591.448	603.297	603.297	608.057	617.612	622.407	632.031	63.686	63.686	632.031	627.213	622.407	617.612	610.442	603.297	593.812	560.984	551.712	535.601	506.078	461.687	437.818	424.966	416.464	414.346	412.233	0	31	4	1994
551.712	549.401	547.094	540.189	535.601	528.742	544.789	554.025	556.342	556.342	560.984	570.304	593.812	650.314	749.876	86.866	878.652	863.692	839.124	800.759	73.637	671.186	658.612	650.314	639.279	634.444	62.962	627.213	622.407	620.008	620.008	31	3	1994
688.189	692.483	692.483	683.913	671.186	654.455	650.314	624.809	624.809	622.407	582.021	584.374	579.672	574.982	570.304	560.984	549.401	542.488	517.372	501.582	461.687	448.619	431.377	439.972	455.139	483.725	544.789	551.712	0	0	0	31	2	1994
198.562	217.348	291.806	31.874	401.714	506.078	490.398	457.318	455.139	457.318	459.501	48.817	524.185	570.304	883.675	992.634	919.357	898.856	873.647	86.866	786.669	727.454	718.607	705.467	671.186	62.962	624.809	62.962	639.279	650.314	662.786	31	1	1994
177.054	173.813	173.813	17.22	170.591	168.987	167.388	164.204	157.893	154.767	154.767	15.166	150.113	154.767	162.619	170.591	175.431	181.949	186.885	191.863	200.248	203.633	205.332	207.036	205.332	205.332	203.633	203.633	200.248	200.248	198.562	31	12	1993
136.422	134.926	133.435	133.435	131.949	130.469	128.993	128.993	126.058	126.058	124.599	113.114	120.252	118.813	11.738	115.953	114.531	114.531	120.252	124.599	126.058	133.435	139.429	153.211	153.211	157.893	161.039	167.388	170.591	17.22	0	31	11	1993
99.253	99.253	99.253	107.502	108.897	113.114	113.114	11.738	120.252	118.813	11.738	114.531	113.114	111.703	111.703	110.297	108.897	108.897	111.703	111.703	111.703	113.114	113.114	114.531	114.531	11.738	118.813	123.144	143.978	142.457	140.941	31	10	1993
77.031	7.829	79.554	80.825	82.102	83.385	80.825	7.829	7.578	73.295	74.534	74.534	7.578	74.534	74.534	73.295	72.063	72.063	70.836	70.836	72.063	73.295	74.534	7.578	77.031	7.829	80.825	82.102	84.674	99.253	0	31	9	1993
60.102	60.102	58.944	57.792	56.648	56.648	55.511	54.381	52.142	49.933	49.933	4.884	4.884	49.933	52.142	53.258	54.381	55.511	56.648	57.792	58.944	58.944	60.102	61.268	6.244	63.619	63.619	72.063	74.534	74.534	7.578	31	8	1993
8.597	84.674	83.385	82.102	80.825	79.554	79.554	79.554	7.829	77.031	7.578	7.578	74.534	73.295	72.063	72.063	70.836	70.836	68.404	67.198	67.198	65.998	64.805	64.805	63.619	6.244	61.268	61.268	61.268	60.102	60.102	31	7	1993
196.881	186.885	181.949	177.054	173.813	17.22	164.204	164.204	159.464	156.328	156.328	150.113	127.523	124.599	121.695	118.813	115.953	110.297	106.113	10.473	103.352	100.614	99.253	97.899	95.206	95.206	93.869	93.869	91.212	88.579	0	31	6	1993
332.481	338.425	348.404	364.555	358.472	35.242	340.414	380.932	35.242	303.259	286.131	280.491	274.886	273.025	269.316	267.467	260.111	260.111	265.622	267.467	274.886	278.618	284.247	293.705	295.608	291.806	256.458	243.797	236.652	224.309	222.562	31	5	1993
316.792	314.848	346.401	35.242	358.472	362.524	372.716	389.204	437.818	461.687	463.877	466.069	459.501	448.619	437.818	435.668	429.237	422.835	405.911	39.962	39.336	39.336	382.995	368.628	354.434	338.425	312.907	316.792	322.648	328.537	0	31	4	1993
662.786	650.314	634.444	600.922	56.797	551.712	526.462	508.331	459.501	450.789	437.818	412.233	328.537	31.874	32.657	338.425	344.401	358.472	378.873	39.962	416.464	418.584	414.346	405.911	39.962	380.932	372.716	354.434	332.481	320.692	31.874	31	3	1993
433.521	429.237	39.753	372.716	401.714	374.765	344.401	297.515	278.618	271.168	273.025	273.025	274.886	273.025	269.316	261.944	251.007	226.059	217.348	208.744	210.456	205.332	203.633	193.531	190.199	18.359	185.235	181.949	177.054	173.813	170.591	31	1	1993
18.359	210.456	242.004	236.652	229.573	215.618	201.938	190.199	181.949	164.204	142.457	165.794	180.313	320.692	474.872	437.818	429.237	418.584	356.451	293.705	242.004	243.797	240.216	243.797	251.007	267.467	39.336	408.015	424.966	429.237	433.521	31	12	1992
69.617	72.063	7.829	84.674	92.538	111.703	123.144	191.863	198.562	203.633	212.172	222.562	229.573	193.531	185.235	178.681	175.431	173.813	170.591	167.388	167.388	128.993	142.457	91.212	130.469	131.949	134.926	133.435	131.949	130.469	0	31	11	1992
6.244	61.268	61.268	60.102	6.244	63.619	64.805	64.805	65.998	65.998	67.198	64.805	6.244	60.102	57.792	57.792	54.381	49.933	4.884	51.034	52.142	54.381	58.944	61.268	6.244	64.805	64.805	65.998	67.198	68.404	69.617	31	10	1992
41.402	41.402	41.402	40.371	41.402	44.543	42.441	41.402	41.402	40.371	39.348	40.371	41.402	41.402	42.441	55.511	60.102	61.268	6.244	65.998	65.998	63.619	60.102	58.944	57.792	56.648	58.944	61.268	63.619	6.244	0	31	9	1992
51.034	49.933	49.933	4.884	4.884	47.754	4.884	46.676	45.606	45.606	47.754	45.606	45.606	47.754	46.676	45.606	45.606	44.543	44.543	45.606	46.676	44.543	44.543	44.543	44.543	44.543	43.488	42.441	42.441	42.441	41.402	31	8	1992
68.404	67.198	67.198	65.998	65.998	64.805	64.805	63.619	6.244	6.244	61.268	61.268	63.619	63.619	6.244	61.268	61.268	60.102	60.102	6.244	60.102	60.102	58.944	57.792	57.792	56.648	55.511	54.381	53.258	53.258	52.142	31	7	1992
131.949	128.993	127.523	126.058	124.599	121.695	120.252	118.813	115.953	111.703	110.297	107.502	103.352	9.655	9.655	93.869	91.212	88.579	8.597	83.385	82.102	80.825	7.578	72.063	69.617	70.836	69.617	69.617	68.404	68.404	0	31	6	1992
362.524	346.401	338.425	334.459	328.537	322.648	314.848	309.036	299.426	295.608	28.991	288.019	27.675	269.316	265.622	254.637	249.199	243.797	236.652	208.744	196.881	190.199	185.235	173.813	168.987	162.619	156.328	150.113	143.978	137.923	134.926	31	5	1992
829.424	679.653	701.122	696.794	679.653	662.786	642.084	615.219	605.676	596.179	582.021	565.638	554.025	544.789	537.894	526.462	517.372	506.078	492.628	479.292	461.687	450.789	444.289	433.521	422.835	414.346	410.122	405.911	395.443	378.873	0	31	4	1992
347.902	339.434	334.379	331.019	322.657	304.451	257.759	254.612	251.474	262.499	267.259	284.895	288.132	286.513	281.668	293.004	30.939	294.633	42.28	567.219	578.645	598.015	642.084	637.994	582.486	609.834	633.921	671.186	718.607	749.876	839.124	31	3	1992
182.133	185.029	186.482	18.069	174.944	174.944	173.514	166.413	169.244	172.088	186.482	196.726	199.678	204.126	211.595	21.46	216.107	219.129	223.681	225.204	228.256	229.787	23.132	232.855	235.933	239.022	240.569	249.909	237.476	229.787	225.204	31	12	1991
12.281	128.076	132.062	134.736	13.073	129.401	12.281	116.306	94.878	93.652	9.243	96.108	107.351	112.446	118.897	129.401	137.423	141.479	141.479	145.563	156.596	166.413	172.088	174.944	190.855	186.482	185.029	18.069	179.249	177.811	0	31	11	1991
9.243	89.998	89.998	91.212	106.086	108.619	104.826	102.316	94.878	9.243	88.788	86.381	85.184	82.802	80.437	7.46	78.089	79.261	85.184	87.583	88.788	96.108	102.316	104.826	102.316	99.821	93.652	9.243	9.243	115.015	118.897	31	10	1991
6.216	61.057	5.996	5.996	5.778	56.698	54.549	53.482	53.482	53.482	52.421	51.365	51.365	49.269	85.184	116.306	133.397	125.436	12.281	120.198	116.306	115.015	112.446	109.891	108.619	104.826	102.316	101.066	99.821	97.341	0	31	9	1991
9.243	9.243	9.243	9.243	89.998	89.998	87.583	87.583	87.583	87.583	85.184	83.991	80.437	80.437	80.437	79.261	78.089	75.758	73.446	73.446	72.296	71.151	71.151	68.875	68.875	68.875	64.379	64.379	64.379	64.379	6.216	31	8	1991
202.641	195.254	189.395	182.133	179.249	172.088	169.244	165.001	155.206	145.563	138.772	13.073	128.076	125.436	120.198	118.897	117.599	115.015	111.167	104.826	103.569	99.821	96.108	94.878	94.878	94.878	94.878	9.243	93.652	93.652	9.243	31	7	1991
371.885	370.159	366.712	364.992	363.274	354.713	347.902	344.509	344.509	337.747	336.062	331.019	331.019	329.342	327.668	319.327	311.041	312.694	304.451	293.004	284.895	27.845	264.083	254.612	232.855	23.132	229.787	226.729	216.107	21.46	0	31	6	1991
223.681	232.855	243.673	256.184	268.851	27.364	288.132	291.378	304.451	30.939	317.665	320.991	325.995	339.434	341.124	351.303	359.843	359.843	364.992	371.885	375.343	373.613	370.159	368.434	371.885	394.507	415.681	450.996	487.841	541.126	601.938	31	12	1990
185.029	18.358	177.811	172.088	169.244	166.413	166.413	165.001	163.593	162.187	15.799	156.596	155.206	152.435	149.677	15.799	159.386	153.819	153.819	170.665	172.088	176.376	18.358	185.029	189.395	195.254	199.678	205.615	211.595	213.096	0	31	11	1990
78.089	82.802	104.826	109.891	112.446	115.015	117.599	133.397	144.199	152.435	159.386	177.811	204.126	210.096	220.644	216.107	204.126	201.158	201.158	195.254	193.785	21.46	204.126	193.785	23.132	226.729	219.129	216.107	202.641	201.158	195.254	31	10	1990
53.482	51.365	49.269	49.269	47.195	47.195	52.421	56.698	58.868	6.216	64.379	64.379	66.618	68.875	71.151	83.991	111.167	107.351	109.891	116.306	117.599	115.015	109.891	106.086	99.821	94.878	9.243	87.583	82.802	80.437	0	31	9	1990
96.108	93.652	9.243	87.583	87.583	83.991	80.437	78.089	76.921	75.758	72.296	71.151	70.011	68.875	67.744	65.496	64.379	64.379	63.267	63.267	6.216	6.216	61.057	5.996	5.996	5.778	5.778	55.621	55.621	55.621	53.482	31	8	1990
94.878	94.878	145.563	170.665	165.001	156.596	148.303	144.199	144.199	142.837	138.772	128.076	120.198	117.599	117.599	140.123	153.819	146.932	140.123	120.198	106.086	115.015	113.729	108.619	103.569	97.341	9.243	89.998	87.583	86.381	98.579	31	7	1990
15.799	151.055	145.563	144.199	141.479	138.772	133.397	13.073	117.599	111.167	103.569	101.066	96.108	9.243	89.998	89.998	88.788	89.998	89.998	89.998	91.212	91.212	9.243	9.243	9.243	93.652	93.652	97.341	96.108	94.878	0	31	6	1990
251.474	27.364	26.567	259.337	251.474	246.786	24.212	237.476	232.855	23.132	228.256	223.681	217.617	21.46	207.106	205.615	210.096	210.096	207.106	204.126	217.617	223.681	219.129	216.107	216.107	205.615	195.254	189.395	172.088	169.244	159.386	31	5	1990
37.881	389.257	399.774	406.825	434.858	454.269	487.841	501.704	537.463	571.011	590.217	548.501	544.805	491.284	434.858	415.681	392.755	375.343	346.204	332.698	320.991	312.694	30.939	302.809	288.132	268.851	259.337	249.909	243.673	243.673	0	31	4	1990
336.062	322.657	319.327	398.017	438.056	441.268	361.558	353.007	380.546	380.546	366.712	344.509	380.546	419.237	389.257	380.546	447.738	384.025	392.755	429.949	415.681	401.534	392.755	353.007	289.754	260.916	228.256	240.569	268.851	276.844	0	31	11	1989
71.151	67.744	67.744	97.341	94.878	87.583	79.261	82.802	83.991	85.184	81.617	82.802	85.184	102.316	108.619	12.281	132.062	142.837	163.593	193.785	228.256	216.107	196.726	196.726	186.482	196.726	243.673	235.933	228.256	253.042	272.041	31	10	1989
12.281	120.198	113.729	111.167	104.826	99.821	99.821	9.243	9.243	103.569	109.891	115.015	117.599	120.198	12.281	12.281	126.754	133.397	149.677	156.596	145.563	13.073	140.123	145.563	140.123	128.076	125.436	115.015	104.826	97.341	0	31	9	1989
18.358	165.001	160.785	163.593	156.596	151.055	140.123	128.076	125.436	124.121	12.281	120.198	118.897	116.306	113.729	111.167	109.891	108.619	106.086	104.826	104.826	102.316	102.316	103.569	107.351	112.446	125.436	145.563	140.123	133.397	128.076	31	8	1989
262.499	253.042	240.569	229.787	223.681	219.129	216.107	202.641	199.678	196.726	190.855	182.133	177.811	173.514	167.827	163.593	159.386	15.799	153.819	152.435	149.677	146.932	144.199	142.837	138.772	137.423	133.397	132.062	142.837	163.593	196.726	31	7	1989
401.534	399.774	398.017	396.261	392.755	370.159	358.131	342.815	320.991	314.349	293.004	286.513	296.263	294.633	294.633	293.004	291.378	283.281	27.364	26.567	260.916	253.042	245.228	23.132	23.132	229.787	213.096	216.107	239.022	259.337	0	31	6	1989
73.637	768.131	914.204	955.952	919.357	86.866	791.348	73.637	791.348	758.968	754.414	815.011	86.866	844.001	763.541	662.786	586.344	552.212	484.415	46.086	454.269	441.268	42.28	401.534	368.434	364.992	359.843	349.602	358.131	363.274	403.296	31	5	1989
302.809	283.281	272.041	341.124	37.881	394.507	625.825	782.008	763.541	819.797	893.777	929.719	945.402	934.928	86.866	878.652	873.647	791.348	73.637	613.807	519.386	431.741	403.296	394.507	380.546	358.131	361.558	394.507	0	0	0	31	2	1989
371.885	384.025	37.881	384.025	392.755	394.507	405.059	417.458	484.415	512.266	533.815	671.186	650.314	609.834	578.645	526.569	429.949	419.237	413.906	399.774	392.755	371.885	361.558	366.712	382.284	401.534	413.906	392.755	358.131	337.747	322.657	31	1	1989
264.083	272.041	275.241	288.132	288.132	281.668	270.445	288.132	317.665	359.843	354.713	356.421	361.558	354.713	349.602	351.303	380.546	428.159	470.863	46.086	454.269	444.495	434.858	429.949	405.059	382.284	375.343	354.713	30.939	297.896	332.698	31	12	1988
9.243	125.436	126.754	128.076	126.754	124.121	121.502	134.736	15.799	185.029	18.358	179.249	169.244	155.206	134.736	12.281	121.502	193.785	199.678	198.201	202.641	23.132	281.668	332.698	368.434	332.698	281.668	253.042	222.161	239.022	0	31	11	1988
85.184	104.826	97.341	156.596	129.401	106.086	102.316	102.316	12.281	128.076	128.076	109.891	106.086	102.316	115.015	109.891	102.316	129.401	153.819	172.088	144.199	13.073	124.121	117.599	112.446	107.351	99.821	118.897	12.281	108.619	99.821	31	10	1988
48.229	49.269	51.365	5.778	66.618	64.379	6.216	56.698	53.482	51.365	50.314	49.269	48.229	49.269	67.744	76.921	75.758	67.744	61.057	6.216	6.216	58.868	54.549	52.421	51.365	49.269	49.269	48.229	48.229	78.089	0	31	9	1988
68.875	68.875	68.875	68.875	66.618	66.618	65.496	63.267	6.216	64.379	64.379	6.216	6.216	5.996	5.996	5.996	5.778	5.778	55.621	53.482	50.314	47.195	47.195	47.195	48.229	48.229	48.229	47.195	47.195	46.167	47.195	31	8	1988
118.897	116.306	113.729	108.619	107.351	104.826	102.316	101.066	99.821	99.821	94.878	94.878	9.243	9.243	9.243	9.243	89.998	88.788	88.788	86.381	83.991	81.617	80.437	79.261	78.089	75.758	7.46	73.446	70.011	68.875	68.875	31	7	1988
170.665	198.201	229.787	248.346	262.499	262.499	249.909	245.228	23.132	229.787	226.729	21.46	205.615	187.937	176.376	170.665	166.413	162.187	156.596	153.819	149.677	145.563	142.837	138.772	136.078	132.062	13.073	128.076	125.436	121.502	0	31	6	1988
796.044	731.903	705.467	654.455	594.108	530.184	467.513	434.858	419.237	398.017	392.755	375.343	366.712	358.131	339.434	324.325	316.006	311.041	30.939	291.378	268.851	260.916	24.212	229.787	210.096	201.158	199.678	195.254	186.482	174.944	170.665	31	5	1988
530.184	563.443	642.084	727.454	758.968	786.669	844.001	909.069	924.529	829.424	758.968	727.454	637.994	621.803	548.501	552.212	594.108	683.913	919.357	924.529	848.896	754.414	749.876	777.364	815.011	863.692	945.402	929.719	878.652	834.265	0	31	4	1988
211.595	223.681	254.612	262.499	257.759	249.909	243.673	226.729	216.107	223.681	228.256	23.132	264.083	337.747	417.458	683.913	658.612	548.501	637.994	73.637	696.794	552.212	464.179	417.458	398.017	366.712	371.885	544.805	578.645	0	0	31	2	1988
198.201	208.599	286.513	27.364	256.184	262.499	268.851	264.083	262.499	289.754	347.902	405.059	401.534	370.159	342.815	332.698	306.095	283.281	259.337	256.184	246.786	257.759	26.567	262.499	264.083	26.567	259.337	249.909	237.476	232.855	223.681	31	1	1988
116.306	104.826	97.341	85.184	68.875	85.184	89.998	9.243	96.108	13.073	187.937	198.201	177.811	151.055	132.062	107.351	104.826	85.184	78.089	75.758	73.446	94.878	153.819	156.596	141.479	134.736	115.015	102.316	89.998	124.121	132.062	31	10	1987
51.365	50.314	48.229	47.195	47.195	47.195	47.195	47.195	51.365	51.365	51.365	51.365	51.365	51.365	51.365	51.365	51.365	51.365	65.496	68.875	73.446	76.921	81.617	87.583	91.212	94.878	112.446	134.736	13.073	13.073	0	31	9	1987
55.621	51.365	63.267	78.089	75.758	7.46	70.011	67.744	89.998	86.381	83.991	79.261	7.46	70.011	67.744	66.618	64.379	6.216	6.216	5.996	58.868	56.698	55.621	55.621	5.996	5.778	55.621	55.621	54.549	53.482	52.421	31	8	1987
86.381	82.802	82.802	79.261	79.261	79.261	75.758	75.758	72.296	72.296	72.296	68.875	68.875	68.875	72.296	75.758	78.089	75.758	75.758	7.46	71.151	67.744	67.744	68.875	68.875	67.744	66.618	65.496	6.216	5.996	5.778	31	7	1987
149.677	145.563	141.479	141.479	134.736	133.397	129.401	129.401	133.397	126.754	12.281	118.897	118.897	115.015	111.167	111.167	108.619	104.826	103.569	107.351	107.351	107.351	104.826	101.066	97.341	97.341	97.341	93.652	9.243	89.998	0	31	6	1987
434.858	434.858	375.343	412.133	37.881	368.434	351.303	342.815	332.698	316.006	297.896	27.364	256.184	246.786	23.132	217.617	208.599	201.158	196.726	193.785	185.029	18.069	176.376	18.069	176.376	187.937	192.319	189.395	177.811	165.001	149.677	31	5	1987
232.855	237.476	234.393	226.729	222.161	216.107	201.158	193.785	186.482	182.133	243.673	239.022	353.007	363.274	415.681	399.774	387.511	382.284	389.257	37.881	344.509	322.657	294.633	280.058	286.513	307.741	311.041	322.657	0	0	0	31	2	1987
444.495	481.004	481.004	46.086	501.704	447.738	424.584	46.086	50.873	548.501	548.501	537.463	477.608	494.742	470.863	431.741	394.507	37.881	354.713	351.303	342.815	319.327	307.741	296.263	291.378	284.895	276.844	26.567	254.612	248.346	24.212	31	1	1987
234.393	239.022	354.713	403.296	403.296	403.296	37.881	344.509	307.741	280.058	262.499	243.673	23.132	23.132	270.445	319.327	358.131	375.343	276.844	23.132	23.132	23.132	234.393	239.022	24.212	240.569	253.042	267.259	307.741	364.992	405.059	31	12	1986
96.108	128.076	144.199	160.785	177.811	195.254	213.096	259.337	293.004	254.612	259.337	262.499	316.006	319.327	387.511	429.949	567.219	609.834	582.486	559.683	548.501	541.126	537.463	533.815	526.569	519.386	609.834	621.803	633.921	642.084	666.977	31	10	1986
88.788	85.184	83.991	81.617	79.261	78.089	78.089	75.758	75.758	73.446	70.011	68.875	66.618	66.618	64.379	64.379	66.618	78.089	104.826	103.569	128.076	128.076	109.891	97.341	97.341	103.569	109.891	116.306	112.446	99.821	0	31	9	1986
104.826	101.066	97.341	93.652	91.212	87.583	85.184	82.802	82.802	80.437	80.437	78.089	76.921	75.758	73.446	78.089	80.437	80.437	79.261	78.089	78.089	93.652	89.998	91.212	124.121	144.199	13.073	115.015	107.351	98.579	9.243	31	8	1986
141.479	138.772	138.772	141.479	146.932	152.435	151.055	146.932	137.423	133.397	128.076	124.121	120.198	117.599	115.015	112.446	109.891	107.351	107.351	104.826	103.569	102.316	102.316	99.821	99.821	97.341	101.066	112.446	115.015	115.015	112.446	31	7	1986
235.933	235.933	26.567	296.263	297.896	293.004	289.754	284.895	280.058	276.844	270.445	253.042	23.132	225.204	219.129	213.096	207.106	201.158	195.254	189.395	18.358	177.811	172.088	166.413	160.785	155.206	148.303	146.932	145.563	144.199	0	31	6	1986
293.004	272.041	253.042	228.256	21.46	198.201	237.476	222.161	216.107	249.909	26.567	275.241	225.204	217.617	213.096	210.096	199.678	160.785	148.303	144.199	141.479	125.436	234.393	249.909	301.169	222.161	251.474	235.933	205.615	201.158	0	31	11	1985
13.073	160.785	176.376	182.133	145.563	142.837	142.837	145.563	144.199	163.593	219.129	198.201	177.811	151.055	140.123	142.837	225.204	24.212	217.617	222.161	27.845	314.349	289.754	260.916	293.004	306.095	301.169	251.474	253.042	317.665	329.342	31	10	1985
91.212	9.243	9.243	89.998	87.583	88.788	142.837	141.479	138.772	133.397	13.073	128.076	120.198	113.729	104.826	85.184	82.802	80.437	76.921	65.496	63.267	103.569	106.086	102.316	99.821	98.579	98.579	113.729	13.073	129.401	0	31	9	1985
120.198	115.015	115.015	112.446	109.891	107.351	106.086	104.826	102.316	99.821	99.821	98.579	97.341	9.243	120.198	116.306	113.729	111.167	108.619	106.086	103.569	98.579	97.341	98.579	98.579	97.341	97.341	94.878	93.652	9.243	9.243	31	8	1985
219.129	216.107	213.096	210.096	207.106	204.126	201.158	198.201	195.254	192.319	187.937	185.029	182.133	179.249	176.376	173.514	170.665	167.827	165.001	162.187	15.799	155.206	152.435	149.677	142.837	138.772	133.397	13.073	128.076	125.436	120.198	31	7	1985
396.261	377.076	368.434	359.843	353.007	347.902	342.815	332.698	342.815	332.698	325.995	320.991	312.694	307.741	304.451	299.532	289.754	283.281	276.844	270.445	264.083	257.759	251.474	245.228	239.022	235.933	232.855	229.787	226.729	222.161	0	31	6	1985
155.206	173.514	182.133	190.855	196.726	186.482	173.514	153.819	142.837	140.123	163.593	167.827	149.677	149.677	169.244	169.244	165.001	153.819	151.055	151.055	149.677	140.123	133.397	13.073	138.772	138.772	121.502	115.015	108.619	103.569	97.341	31	12	1984
216.107	211.595	18.358	155.206	142.837	134.736	13.073	159.386	189.395	222.161	24.212	217.617	187.937	167.827	18.358	195.254	201.158	185.029	165.001	149.677	142.837	133.397	117.599	109.891	104.826	111.167	115.015	115.015	115.015	113.729	0	31	11	1984
108.619	96.108	104.826	106.086	109.891	94.878	86.381	83.991	82.802	86.381	82.802	75.758	78.089	86.381	87.583	89.998	102.316	107.351	12.281	134.736	142.837	144.199	134.736	121.502	12.281	189.395	223.681	228.256	23.132	210.096	213.096	31	10	1984
75.758	91.212	103.569	94.878	81.617	82.802	76.921	79.261	81.617	79.261	120.198	144.199	125.436	13.073	112.446	101.066	93.652	89.998	91.212	98.579	117.599	13.073	138.772	138.772	124.121	117.599	117.599	101.066	97.341	103.569	0	31	9	1984
65.496	66.618	66.618	67.744	67.744	66.618	65.496	65.496	67.744	68.875	68.875	68.875	70.011	72.296	7.46	7.46	71.151	78.089	80.437	85.184	75.758	70.011	65.496	63.267	5.996	5.996	58.868	58.868	58.868	61.057	67.744	31	8	1984
113.729	108.619	104.826	104.826	102.316	101.066	98.579	96.108	9.243	89.998	89.998	88.788	87.583	87.583	86.381	83.991	81.617	80.437	78.089	76.921	7.46	73.446	73.446	73.446	7.46	75.758	7.46	71.151	68.875	68.875	66.618	31	7	1984
229.787	223.681	217.617	213.096	208.599	202.641	198.201	195.254	198.201	193.785	186.482	179.249	177.811	176.376	173.514	165.001	159.386	155.206	151.055	145.563	141.479	138.772	136.078	133.397	129.401	125.436	125.436	12.281	121.502	118.897	0	31	6	1984
264.083	270.445	284.895	302.809	317.665	331.019	356.421	353.007	371.885	368.434	359.843	354.713	351.303	342.815	358.131	424.584	477.608	629.865	85.381	839.124	73.637	617.796	515.818	498.215	470.863	491.284	650.314	858.742	683.913	586.344	548.501	31	3	1984
270.445	276.844	281.668	260.916	251.474	286.513	291.378	296.263	286.513	270.445	264.083	27.364	296.263	301.169	296.263	268.851	257.759	248.346	240.569	253.042	251.474	262.499	262.499	262.499	248.346	251.474	260.916	26.567	253.042	0	0	31	2	1984
346.204	337.747	325.995	319.327	307.741	304.451	297.896	289.754	283.281	284.895	304.451	319.327	316.006	304.451	293.004	280.058	262.499	262.499	253.042	260.916	276.844	314.349	325.995	354.713	377.076	336.062	319.327	307.741	302.809	291.378	276.844	31	1	1984
15.799	199.678	205.615	211.595	223.681	392.755	391.005	380.546	373.613	366.712	354.713	332.698	322.657	312.694	296.263	302.809	316.006	356.421	382.284	398.017	398.017	358.131	339.434	325.995	334.379	337.747	342.815	353.007	356.421	337.747	329.342	31	12	1983
88.788	104.826	111.167	118.897	120.198	137.423	174.944	205.615	210.096	213.096	220.644	220.644	208.599	205.615	21.46	21.46	210.096	205.615	199.678	193.785	18.358	174.944	166.413	159.386	155.206	151.055	141.479	136.078	138.772	145.563	0	31	11	1983
155.206	162.187	167.827	199.678	220.644	189.395	174.944	170.665	163.593	155.206	138.772	126.754	118.897	111.167	111.167	117.599	12.281	18.069	159.386	172.088	179.249	159.386	140.123	134.736	133.397	140.123	133.397	121.502	107.351	98.579	91.212	31	10	1983
3.913	3.913	4.211	46.167	54.549	5.996	64.379	56.698	55.621	63.267	63.267	61.057	5.996	5.778	5.778	56.698	55.621	55.621	45.144	40.117	4.211	49.269	49.269	174.944	173.514	172.088	172.088	167.827	162.187	156.596	0	31	9	1983
37.174	37.174	35.244	35.244	35.244	35.244	35.244	35.244	3.913	3.913	40.117	41.111	41.111	43.115	43.115	43.115	43.115	43.115	44.127	45.144	45.144	48.229	53.482	71.151	65.496	5.996	47.195	46.167	45.144	4.211	40.117	31	8	1983
61.057	5.996	5.996	58.868	5.778	56.698	55.621	55.621	53.482	53.482	52.421	51.365	51.365	53.482	52.421	51.365	49.269	48.229	47.195	47.195	47.195	45.144	45.144	45.144	44.127	4.211	40.117	3.913	3.913	37.174	37.174	31	7	1983
108.619	104.826	103.569	99.821	97.341	97.341	97.341	94.878	9.243	9.243	9.243	89.998	88.788	87.583	85.184	85.184	82.802	80.437	79.261	76.921	7.46	73.446	73.446	66.618	66.618	64.379	64.379	6.216	6.216	6.216	0	31	6	1983
235.933	220.644	211.595	204.126	195.254	18.069	173.514	167.827	162.187	156.596	148.303	140.123	137.423	136.078	138.772	141.479	137.423	13.073	125.436	12.281	121.502	124.121	129.401	140.123	137.423	133.397	129.401	124.121	116.306	113.729	111.167	31	5	1983
314.349	398.017	401.534	408.592	405.059	371.885	344.509	311.041	289.754	259.337	249.909	222.161	210.096	186.482	174.944	162.187	160.785	173.514	193.785	217.617	234.393	254.612	336.062	347.902	621.803	530.184	289.754	293.004	291.378	312.694	302.809	31	1	1983
129.401	117.599	102.316	94.878	103.569	113.729	126.754	132.062	140.123	148.303	153.819	169.244	211.595	226.729	234.393	24.212	248.346	251.474	257.759	254.612	248.346	245.228	240.569	237.476	234.393	235.933	257.759	281.668	301.169	322.657	342.815	31	12	1982
115.015	111.167	104.826	102.316	102.316	97.341	93.652	88.788	87.583	103.569	113.729	111.167	12.281	126.754	137.423	142.837	128.076	118.897	115.015	121.502	125.436	129.401	138.772	151.055	153.819	149.677	152.435	153.819	155.206	148.303	0	31	11	1982
80.437	76.921	72.296	68.875	67.744	65.496	82.802	113.729	124.121	118.897	113.729	106.086	107.351	129.401	140.123	145.563	140.123	121.502	99.821	89.998	79.261	7.46	70.011	79.261	104.826	132.062	140.123	142.837	124.121	118.897	116.306	31	10	1982
35.244	35.244	35.244	35.244	36.206	41.111	46.167	51.365	70.011	89.998	83.991	78.089	75.758	73.446	70.011	66.618	64.379	61.057	5.778	121.502	220.644	239.022	223.681	204.126	182.133	149.677	134.736	102.316	91.212	80.437	0	31	9	1982
3.913	37.174	37.174	37.174	37.174	3.913	3.913	41.111	41.111	37.174	35.244	35.244	35.244	35.244	34.288	33.339	33.339	33.339	38.149	46.167	51.365	52.421	51.365	50.314	49.269	47.195	40.117	3.913	3.913	37.174	37.174	31	8	1982
75.758	72.296	71.151	67.744	65.496	6.216	5.996	5.996	5.778	5.778	55.621	55.621	55.621	55.621	53.482	53.482	53.482	53.482	51.365	51.365	49.269	49.269	49.269	49.269	47.195	45.144	43.115	43.115	41.111	3.913	3.913	31	7	1982
140.123	134.736	132.062	126.754	120.198	117.599	111.167	108.619	107.351	107.351	104.826	104.826	101.066	98.579	93.652	89.998	87.583	87.583	86.381	85.184	85.184	82.802	81.617	81.617	82.802	81.617	80.437	78.089	78.089	78.089	0	31	6	1982
322.657	304.451	286.513	280.058	27.364	275.241	259.337	251.474	248.346	234.393	223.681	21.46	208.599	202.641	196.726	189.395	18.358	177.811	170.665	167.827	169.244	167.827	166.413	165.001	162.187	160.785	156.596	152.435	149.677	146.932	144.199	31	5	1982
605.878	567.219	512.266	457.557	42.28	426.371	426.371	426.371	424.584	421.017	419.237	417.458	413.906	408.592	401.534	398.017	380.546	42.28	454.269	441.268	426.371	419.237	413.906	412.133	405.059	396.261	373.613	353.007	342.815	331.019	0	31	4	1982
688.189	609.834	590.217	594.108	586.344	582.486	571.011	552.212	548.501	57.482	541.126	50.873	444.495	419.237	408.592	392.755	384.025	377.076	373.613	363.274	366.712	370.159	389.257	403.296	434.858	454.269	477.608	494.742	526.569	541.126	586.344	31	3	1982
322.657	339.434	356.421	368.434	353.007	361.558	410.362	42.28	613.807	590.217	617.796	601.938	586.344	613.807	598.015	57.482	552.212	552.212	548.501	533.815	586.344	621.803	654.455	617.796	621.803	662.786	758.968	824.602	839.124	815.011	791.348	31	1	1982
198.201	186.482	170.665	162.187	142.837	134.736	133.397	129.401	134.736	179.249	202.641	219.129	235.933	249.909	267.259	280.058	312.694	320.991	316.006	302.809	302.809	347.902	363.274	324.325	301.169	281.668	259.337	248.346	234.393	223.681	217.617	31	12	1981
78.089	7.46	91.212	106.086	103.569	101.066	99.821	108.619	125.436	142.837	148.303	156.596	179.249	18.358	199.678	229.787	234.393	193.785	182.133	199.678	239.022	264.083	249.909	248.346	245.228	256.184	254.612	243.673	232.855	228.256	0	31	11	1981
34.288	47.195	64.379	83.991	93.652	94.878	91.212	83.991	75.758	67.744	66.618	89.998	104.826	111.167	99.821	89.998	81.617	63.267	58.868	53.482	53.482	54.549	89.998	121.502	118.897	108.619	91.212	83.991	96.108	99.821	94.878	31	10	1981
43.115	41.111	3.913	38.149	43.115	41.111	41.111	41.111	3.913	3.913	37.174	35.244	35.244	35.244	35.244	37.174	35.244	35.244	37.174	36.206	35.244	33.339	33.339	32.397	30.533	30.533	31.462	31.462	31.462	31.462	0	31	9	1981
38.149	38.149	37.174	37.174	36.206	35.244	33.339	33.339	33.339	32.397	31.462	31.462	31.462	31.462	31.462	31.462	32.397	33.339	33.339	33.339	35.244	35.244	37.174	43.115	48.229	51.365	53.482	54.549	55.621	50.314	45.144	31	8	1981
64.379	64.379	64.379	63.267	6.216	58.868	5.778	55.621	53.482	51.365	51.365	50.314	49.269	49.269	50.314	48.229	47.195	47.195	47.195	45.144	45.144	45.144	43.115	43.115	41.111	40.117	3.913	3.913	3.913	38.149	38.149	31	7	1981
101.066	98.579	97.341	94.878	9.243	9.243	9.243	98.579	145.563	170.665	15.799	146.932	126.754	118.897	109.891	102.316	94.878	9.243	9.243	88.788	83.991	80.437	79.261	75.758	75.758	7.46	72.296	68.875	6.216	65.496	0	31	6	1981
260.916	254.612	245.228	239.022	229.787	223.681	217.617	208.599	199.678	192.319	18.069	170.665	167.827	166.413	163.593	160.785	152.435	144.199	138.772	133.397	126.754	121.502	118.897	117.599	115.015	109.891	106.086	102.316	99.821	99.821	99.821	31	5	1981
718.607	70.983	723.022	723.022	701.122	683.913	675.411	633.921	559.683	464.179	421.017	389.257	364.992	339.434	329.342	320.991	314.349	314.349	325.995	410.362	434.858	578.645	512.266	477.608	438.056	384.025	336.062	291.378	284.895	272.041	0	31	4	1981
586.344	537.463	512.266	46.086	421.017	406.825	389.257	370.159	351.303	337.747	334.379	339.434	373.613	389.257	415.681	444.495	487.841	512.266	526.569	50.873	481.004	385.767	375.343	373.613	325.995	296.263	288.132	276.844	0	0	0	31	2	1981
153.819	148.303	142.837	136.078	146.932	151.055	155.206	159.386	167.827	170.665	18.069	174.944	162.187	156.596	163.593	167.827	177.811	192.319	208.599	228.256	248.346	276.844	27.845	275.241	27.845	276.844	301.169	306.095	293.004	283.281	281.668	31	12	1980
76.921	106.086	107.351	113.729	132.062	162.187	18.069	185.029	18.358	189.395	205.615	226.729	189.395	179.249	167.827	160.785	155.206	148.303	145.563	140.123	137.423	132.062	124.121	113.729	109.891	111.167	129.401	140.123	145.563	151.055	0	31	11	1980
71.151	68.875	65.496	58.868	50.314	53.482	55.621	5.996	5.996	58.868	56.698	52.421	54.549	7.46	78.089	86.381	112.446	129.401	125.436	12.281	99.821	76.921	72.296	67.744	63.267	53.482	50.314	54.549	54.549	55.621	61.057	31	10	1980
41.111	41.111	41.111	3.913	41.111	44.127	52.421	54.549	55.621	54.549	51.365	51.365	49.269	49.269	49.269	48.229	48.229	51.365	55.621	55.621	56.698	54.549	53.482	55.621	56.698	5.996	64.379	66.618	67.744	70.011	0	31	9	1980
47.195	47.195	47.195	45.144	45.144	45.144	45.144	45.144	44.127	43.115	43.115	43.115	4.211	4.211	43.115	43.115	43.115	43.115	44.127	49.269	51.365	49.269	49.269	48.229	45.144	43.115	43.115	43.115	41.111	41.111	41.111	31	8	1980
67.744	63.267	58.868	5.778	5.778	6.216	66.618	64.379	64.379	63.267	5.996	5.996	58.868	5.778	55.621	53.482	53.482	53.482	53.482	51.365	51.365	51.365	50.314	49.269	49.269	49.269	50.314	50.314	48.229	47.195	47.195	31	7	1980
115.015	113.729	112.446	112.446	109.891	107.351	106.086	104.826	101.066	97.341	97.341	94.878	89.998	89.998	87.583	87.583	85.184	81.617	80.437	79.261	78.089	75.758	79.261	83.991	86.381	79.261	75.758	7.46	70.011	68.875	0	31	6	1980
245.228	240.569	229.787	237.476	251.474	268.851	270.445	262.499	259.337	256.184	253.042	249.909	211.595	204.126	196.726	187.937	18.358	18.069	176.376	172.088	172.088	169.244	167.827	160.785	153.819	146.932	140.123	13.073	129.401	125.436	117.599	31	5	1980
356.421	344.509	337.747	336.062	336.062	346.204	384.025	42.28	450.996	467.513	428.159	42.28	431.741	441.268	438.056	438.056	444.495	438.056	391.005	384.025	353.007	336.062	319.327	30.939	299.532	296.263	289.754	281.668	272.041	257.759	0	31	4	1980
252.068	267.965	244.212	242.648	234.867	239.528	264.766	269.568	280.855	297.178	359.501	419.272	46.086	522.969	578.645	601.938	601.938	571.011	578.645	571.011	571.011	494.742	444.495	419.272	378.586	354.338	350.907	349.195	344.071	335.572	325.444	31	1	1980
105.731	100.683	94.461	89.555	82.322	83.517	81.132	75.244	7.408	63.813	99.431	99.431	105.731	119.924	121.236	137.253	148.201	137.253	131.859	133.203	155.148	186.628	201.403	237.971	292.257	290.621	284.101	277.619	276.004	266.364	253.647	31	12	1979
105.731	123.871	134.549	134.549	130.519	149.584	183.707	210.401	182.251	160.763	155.148	159.354	176.455	183.707	188.093	18.956	183.707	165.006	173.575	176.455	170.707	163.589	162.174	159.354	156.547	125.193	133.203	108.278	103.199	107.003	0	31	11	1979
7.408	79.945	8.592	82.322	77.586	83.517	90.776	90.776	79.945	79.945	79.945	93.228	112.127	75.244	83.517	77.586	78.763	87.128	118.615	114.711	123.871	13.861	153.752	155.148	144.071	131.859	119.924	87.128	81.132	79.945	90.776	31	10	1979
104.463	123.871	157.949	173.575	177.899	18.956	196.941	185.166	16.785	142.701	129.183	114.711	89.555	82.322	76.413	72.921	6.947	101.939	122.552	130.519	13.997	15.097	137.253	121.236	11.731	108.278	90.776	87.128	76.413	7.408	0	31	9	1979
46.565	44.508	44.508	42.474	42.474	40.464	40.464	40.464	38.479	38.479	38.479	36.519	38.479	38.479	38.479	38.479	41.466	46.565	43.488	40.464	40.464	43.488	48.646	62.697	62.697	67.193	100.683	108.278	113.417	101.939	101.939	31	8	1979
81.132	78.763	77.586	76.413	72.921	72.921	70.616	68.329	68.329	66.062	66.062	66.062	66.062	63.813	62.697	61.585	61.585	61.585	62.697	63.813	63.813	62.697	60.478	59.376	60.478	5.502	53.944	50.749	49.695	48.646	46.565	31	7	1979
22.255	217.974	214.937	208.895	202.896	191.031	172.139	162.174	148.201	141.334	137.253	13.59	134.549	127.849	123.871	118.615	113.417	11.084	105.731	103.199	104.463	101.939	101.939	99.431	95.697	93.228	90.776	89.555	89.555	8.592	0	31	6	1979
494.742	422.858	390.859	368.145	352.622	340.665	337.268	345.777	350.907	32.041	303.771	292.257	282.477	263.171	245.778	22.408	221.022	213.423	20.589	19.398	185.166	176.455	175.013	176.455	176.455	186.628	250.492	279.236	280.855	244.212	225.614	31	5	1979
389.099	403.228	464.179	658.612	609.834	498.215	454.269	385.587	368.145	354.338	354.338	349.195	344.071	340.665	333.879	305.425	282.477	264.766	253.647	242.648	236.418	233.318	230.228	239.528	245.778	256.812	258.398	277.619	302.119	412.122	0	31	4	1979
768.131	844.001	934.928	950.668	950.668	888.717	701.122	625.825	559.683	567.219	582.486	57.482	537.463	537.463	530.184	582.486	594.108	586.344	55.594	530.184	505.209	491.284	470.863	470.863	487.841	474.228	380.333	375.098	385.587	397.915	387.342	31	3	1979
177.899	18.956	20.589	182.251	159.354	156.547	159.354	172.139	177.899	182.251	19.398	202.896	202.896	195.459	18.956	182.251	176.455	19.398	256.812	277.619	344.071	328.812	285.728	248.918	22.255	208.895	191.031	172.139	159.354	15.236	156.547	31	12	1978
9.2	95.697	96.938	98.182	95.697	94.461	93.228	104.463	122.552	133.203	15.097	155.148	149.584	11.084	107.003	12.652	129.183	118.615	108.278	100.683	89.555	84.716	82.322	77.586	7.408	71.766	71.766	76.413	87.128	129.183	0	31	11	1978
87.128	95.697	99.431	93.228	89.555	76.413	71.766	60.478	60.478	64.935	71.766	78.763	75.244	72.921	75.244	109.557	131.859	129.183	112.127	103.199	11.084	11.731	123.871	145.444	153.752	159.354	156.547	141.334	119.924	11.084	100.683	31	10	1978
52.874	57.188	61.585	59.376	59.376	59.376	61.585	61.585	59.376	56.101	63.813	88.339	11.084	109.557	101.939	99.431	83.517	6.947	64.935	72.921	9.2	105.731	11.731	113.417	109.557	109.557	105.731	9.2	81.132	76.413	0	31	9	1978
8.592	81.132	78.763	75.244	7.408	6.947	68.329	67.193	66.062	64.935	62.697	61.585	59.376	59.376	56.101	5.502	5.502	56.101	57.188	57.188	56.101	5.502	5.502	53.944	51.809	50.749	50.749	50.749	50.749	50.749	51.809	31	8	1978
121.236	116.009	11.084	109.557	108.278	105.731	104.463	101.939	99.431	99.431	96.938	96.938	93.228	88.339	90.776	107.003	116.009	119.924	118.615	118.615	123.871	127.849	137.253	142.701	130.519	123.871	118.615	112.127	104.463	95.697	93.228	31	7	1978
290.621	335.572	356.057	340.665	318.736	305.425	288.988	263.171	247.347	242.648	237.971	219.497	208.895	199.913	188.093	183.707	177.899	170.707	165.006	159.354	155.148	148.201	145.444	145.444	145.444	142.701	127.849	12.652	123.871	122.552	0	31	6	1978
408.559	447.738	505.209	505.209	46.086	470.863	450.996	435.471	421.064	39.262	389.099	380.333	362.952	368.145	380.333	383.834	356.057	327.127	31.04	305.425	288.988	282.477	292.257	287.357	274.391	266.364	271.173	287.357	322.086	349.195	0	31	4	1978
266.364	252.068	239.528	231.772	225.614	22.255	231.772	261.577	322.086	403.228	515.818	470.863	487.841	440.904	440.904	512.266	633.921	819.797	929.719	914.204	800.759	642.084	505.209	474.228	435.471	519.386	782.008	998.907	0	0	0	31	2	1978
601.938	530.184	501.704	450.996	444.495	454.269	464.179	526.569	494.742	457.557	431.858	519.386	605.878	688.189	625.825	621.803	70.983	731.903	754.414	810.242	786.669	70.983	617.796	491.284	422.858	390.859	357.778	328.812	305.425	290.621	277.619	31	1	1978
338.965	361.225	327.127	285.728	244.212	221.022	19.398	170.707	165.006	156.547	145.444	145.444	163.589	177.899	191.031	202.896	231.772	221.022	208.895	19.398	191.031	186.628	192.504	219.497	258.398	424.655	447.738	519.386	567.219	590.217	586.344	31	12	1977
15.097	169.277	191.031	19.398	196.941	204.392	195.459	186.628	188.093	188.093	172.139	162.174	15.236	145.444	15.097	155.148	153.752	155.148	157.949	162.174	179.347	176.455	173.575	170.707	155.148	153.752	148.201	145.444	191.031	298.823	0	31	11	1977
100.683	99.431	93.228	95.697	9.2	87.128	90.776	90.776	98.182	93.228	87.128	87.128	84.716	8.592	8.592	94.461	95.697	100.683	107.003	109.557	109.557	114.711	127.849	137.253	141.334	15.097	162.174	162.174	15.097	141.334	137.253	31	10	1977
59.376	58.279	5.502	53.944	52.874	52.874	49.695	46.565	44.508	41.466	38.479	36.519	39.468	41.466	42.474	39.468	40.464	43.488	50.749	6.947	71.766	7.408	71.766	6.947	62.697	64.935	64.935	70.616	101.939	104.463	0	31	9	1977
70.616	68.329	67.193	64.935	63.813	61.585	59.376	57.188	57.188	5.502	5.502	5.502	5.502	53.944	52.874	51.809	50.749	49.695	48.646	46.565	48.646	49.695	53.944	52.874	50.749	5.502	52.874	52.874	51.809	56.101	59.376	31	8	1977
142.701	13.997	134.549	127.849	123.871	119.924	116.009	112.127	109.557	104.463	103.199	99.431	98.182	93.228	9.2	89.555	87.128	87.128	87.128	90.776	94.461	96.938	95.697	79.945	88.339	87.128	83.517	81.132	76.413	72.921	72.921	31	7	1977
212.817	202.529	202.529	196.706	190.925	185.185	182.332	182.332	273.863	304.113	269.568	264.766	271.173	269.568	274.391	274.391	258.398	252.068	241.086	228.688	217.974	208.895	201.403	191.031	185.166	172.139	159.354	159.354	155.148	146.821	0	31	6	1977
73.637	723.022	727.454	815.011	961.255	945.402	796.044	718.607	629.865	55.594	481.004	428.509	385.727	351.715	34.173	330.169	320.337	310.578	302.502	313.823	310.578	308.959	300.893	294.478	291.283	280.167	267.593	253.617	244.402	23.527	223.227	31	5	1977
409.819	394.652	406.756	450.996	441.268	484.415	447.738	376.933	346.714	331.815	317.076	307.342	304.113	299.286	291.283	283.332	275.435	266.031	262.914	275.435	317.076	406.756	425.357	434.858	515.818	705.467	679.653	650.314	646.191	662.786	0	31	4	1977
858.742	848.896	805.492	718.607	629.865	548.501	484.415	428.509	388.688	371.143	36.827	371.143	36.177	382.782	428.509	477.608	46.086	419.097	394.652	37.985	385.727	391.662	447.738	505.209	530.184	55.594	484.415	444.495	431.676	397.656	391.662	31	3	1977
294.478	307.342	315.449	318.706	328.526	41.599	548.501	522.969	559.683	533.815	484.415	42.222	409.819	457.557	412.897	360.089	346.714	328.526	336.763	37.985	467.513	467.513	450.996	46.086	470.863	519.386	625.825	763.541	0	0	0	31	2	1977
242.874	230.736	220.241	214.297	221.733	244.402	230.736	217.264	195.257	176.657	16.544	171.026	168.227	171.026	175.245	16.128	147.601	139.538	138.205	18.805	275.435	294.478	34.173	37.985	356.734	34.173	318.706	294.478	278.588	256.707	261.359	31	1	1977
140.874	150.313	217.264	21.134	281.748	36.827	360.089	310.578	262.914	182.332	171.026	157.145	148.956	138.205	123.749	112.217	102.201	99.733	119.874	154.404	208.393	220.241	248.999	267.593	244.402	230.736	221.733	22.923	232.245	239.826	244.402	31	12	1976
11.603	112.217	113.484	119.874	123.749	159.899	162.663	135.548	125.047	10.718	10.593	114.756	117.308	121.163	125.047	119.874	110.952	104.684	104.684	113.484	110.952	113.484	126.348	136.875	127.653	122.454	119.874	127.653	130.272	135.548	0	31	11	1976
74.746	73.601	77.049	9.728	99.733	87.617	78.207	75.896	71.324	71.324	99.733	117.308	119.874	11.859	123.749	123.749	123.749	113.484	93.628	85.241	92.418	113.484	155.773	17.243	20.107	198.158	153.037	135.548	127.653	122.454	117.308	31	10	1976
36.534	35.572	34.617	34.617	34.617	34.617	34.617	36.534	37.501	39.454	43.432	45.454	46.474	4.853	49.566	46.474	45.454	49.566	58.038	61.297	60.206	5.912	67.941	8.288	80.535	75.896	71.324	74.746	75.896	74.746	0	31	9	1976
33.668	34.617	32.726	32.726	3.179	30.861	30.861	29.023	29.023	29.023	29.023	29.023	27.213	28.114	29.939	43.432	49.566	60.206	81.706	7.246	70.192	66.822	61.297	47.499	43.432	4.044	4.044	38.475	38.475	37.501	36.534	31	8	1976
63.493	61.297	60.206	5.912	5.912	58.038	5.912	63.493	63.493	63.493	5.912	53.761	51.653	51.653	45.454	4.444	46.474	46.474	4.444	42.429	42.429	4.044	39.454	38.475	37.501	38.475	35.572	34.617	34.617	34.617	32.726	31	7	1976
131.586	138.205	136.875	125.047	127.653	122.454	117.308	11.603	109.692	10.593	104.684	10.344	100.965	96.059	92.418	88.812	87.617	86.427	86.427	84.058	80.535	78.207	77.049	74.746	73.601	69.064	65.708	64.598	64.598	63.493	0	31	6	1976
226.224	23.527	244.402	258.256	278.588	272.292	253.617	203.991	242.874	22.923	217.264	208.393	20.107	196.706	192.366	175.245	175.245	175.245	169.625	162.663	162.663	162.663	162.663	155.773	154.404	153.037	14.625	140.874	136.875	134.224	132.903	31	5	1976
346.714	394.652	36.541	358.411	345.051	340.072	323.607	313.823	294.478	289.688	286.506	297.681	335.112	382.782	477.608	46.086	447.738	374.031	353.386	326.884	299.286	27.701	262.914	252.076	242.874	23.527	238.305	239.826	232.245	223.227	0	31	4	1976
376.933	36.177	346.714	350.046	348.379	351.715	356.734	351.715	326.884	292.879	278.588	270.724	262.914	262.914	289.688	297.681	305.726	300.893	326.884	348.379	348.379	325.244	315.449	291.283	283.332	275.435	275.435	288.096	284.918	307.342	318.706	31	3	1976
20.107	189.486	183.757	182.332	20.107	238.305	272.292	302.502	302.502	294.478	284.918	284.918	272.292	374.031	487.841	578.645	586.344	571.011	505.209	419.097	376.933	358.411	331.815	31.22	302.502	318.706	336.763	353.386	358.411	0	0	31	2	1976
256.707	273.863	247.465	23.527	230.736	226.224	226.224	218.751	206.923	199.612	192.366	178.072	17.243	16.405	151.674	147.601	14.625	14.625	151.674	144.901	154.404	175.245	169.625	183.757	215.779	241.349	27.701	236.786	223.227	21.134	20.107	31	1	1976
143.556	142.214	166.832	208.393	244.402	239.826	224.724	218.751	22.923	206.923	183.757	166.832	155.773	140.874	135.548	130.272	131.586	134.224	138.205	144.901	143.556	148.956	155.773	171.026	173.836	198.158	180.909	203.991	221.733	238.305	232.245	31	12	1975
108.434	102.201	98.504	94.841	11.603	132.903	132.903	138.205	144.901	132.903	122.454	140.874	138.205	134.224	139.538	150.313	148.956	139.538	127.653	113.484	10.718	100.965	96.059	93.628	93.628	10.718	11.603	110.952	121.163	140.874	0	31	11	1975
99.413	94.455	88.347	83.535	83.535	75.278	87.138	93.226	87.138	82.343	88.347	105.698	112.077	131.752	146.667	14.256	133.092	121.161	115.949	106.967	104.434	106.967	115.949	148.042	195.128	245.932	217.264	175.245	159.899	150.313	127.653	31	10	1975
113.364	108.239	104.434	100.663	98.168	93.226	9.2	89.561	88.347	89.561	93.226	95.689	93.226	89.561	85.933	82.343	79.971	79.971	76.445	77.616	76.445	76.445	76.445	75.278	74.117	77.616	75.278	79.971	99.413	105.698	0	31	9	1975
143.926	141.198	13.713	133.092	130.416	127.755	123.788	119.852	118.547	118.547	117.246	115.949	113.364	110.794	109.514	105.698	101.916	100.663	100.663	98.168	100.663	109.514	117.246	114.654	112.077	114.654	123.788	127.755	123.788	122.473	118.547	31	8	1975
220.587	219.068	213.019	20.851	207.012	211.513	219.068	234.372	234.372	225.159	219.068	213.019	20.851	202.535	195.128	189.252	183.421	177.636	176.197	171.897	18.779	186.331	18.779	186.331	179.078	177.636	173.327	163.377	164.789	152.187	148.042	31	7	1975
393.093	38.086	370.452	35.84	361.833	37.912	38.086	394.849	396.606	375.647	370.452	353.265	332.912	32.452	334.596	344.748	301.312	29.476	288.244	281.765	272.115	267.321	262.549	256.219	249.928	245.235	242.119	229.754	228.219	223.632	0	31	6	1975
50.873	474.228	617.796	617.796	633.921	633.921	605.878	791.348	914.204	786.669	763.541	727.454	777.364	888.717	848.896	745.357	679.653	646.191	613.807	609.834	563.443	519.386	487.841	481.004	501.704	498.215	491.284	544.805	658.612	772.739	945.402	31	3	1975
354.974	35.84	344.748	384.345	353.265	309.552	309.552	311.206	341.356	334.596	351.557	387.839	419.625	424.983	389.588	35.84	343.051	334.596	353.265	361.833	35.84	361.833	341.356	309.552	291.498	288.244	28.987	28.5	281.765	291.498	314.522	31	12	1974
141.198	150.802	15.636	14.942	134.434	122.473	115.949	109.514	117.246	134.434	173.327	18.779	193.655	190.717	189.252	198.083	211.513	204.025	234.372	249.928	219.068	196.604	17.476	189.252	229.754	264.137	309.552	327.871	316.183	332.912	0	31	11	1974
169.045	18.197	193.655	18.197	161.967	146.667	133.092	127.755	125.107	129.084	171.897	29.476	309.552	278.539	283.381	267.321	229.754	196.604	173.327	161.967	163.377	163.377	195.128	21.001	213.019	18.779	171.897	163.377	15.636	148.042	138.482	31	10	1974
96.926	99.413	106.967	126.429	139.838	143.926	139.838	14.256	13.578	131.752	129.084	112.077	103.173	101.916	103.173	126.429	166.205	192.184	176.197	152.187	160.561	160.561	153.575	13.578	122.473	113.364	113.364	119.852	145.295	152.187	0	31	9	1974

